TITLE="Graphics"
VARIABLES= "r, cm", "drho/dt, g/(cm<sup>3</sup>s", " dT/dt", "dW/dt"
0.00357 0 0 0
0.00364 1.98165e-12 1.58238e-12 3.9927e-13
0.00371 2.13218e-12 1.70258e-12 4.29598e-13
0.00378 -0 -0 -0
0.00385 -0 -0 -0
0.00392 2.30906e-33 1.84382e-33 4.65237e-34
0.00399 -0 -0 -0
0.00406 4.13162e-33 1.71779e-33 2.41383e-33
0.00413 -3.99158e-33 -1.65956e-33 -2.33202e-33
0.0042 -0 -0 -0
0.00427 -0 -0 -0
0.00434 3.61165e-33 1.5016e-33 2.11005e-33
0.00441 -3.497e-33 -1.45393e-33 -2.04307e-33
0.00448 -0 -0 -0
0.00455 3.2835e-33 1.36517e-33 1.91833e-33
0.00462 -3.184e-33 -1.3238e-33 -1.8602e-33
0.00469 -0 -0 -0
0.00476 -0 -0 -0
0.00483 2.91122e-33 1.21039e-33 1.70083e-33
0.0049 -2.82805e-33 -1.1758e-33 -1.65224e-33
0.00497 -0 -0 -0
0.00504 2.67205e-33 1.11095e-33 1.5611e-33
0.00511 -2.59884e-33 -1.08051e-33 -1.51833e-33
0.00518 -0 -0 -0
0.00525 2.46118e-33 1.02327e-33 1.43791e-33
0.00532 -2.39642e-33 -9.96348e-34 -1.40007e-33
0.00539 -0 -0 -0
0.00546 -0 -0 -0
0.00553 2.21675e-33 9.21649e-34 1.2951e-33
0.0056 -2.16133e-33 -8.98609e-34 -1.26273e-33
0.00567 -0 -0 -0
0.00574 2.05656e-33 8.55046e-34 1.20151e-33
0.00581 -2.007e-33 -8.34444e-34 -1.17256e-33
0.00588 -0 -0 -0
0.00595 1.91312e-33 7.95411e-34 1.11771e-33
0.00602 -1.86863e-33 -7.76913e-34 -1.09172e-33
0.00609 -0 -0 -0
0.00616 -0 -0 -0
0.00623 1.74409e-33 7.25134e-34 1.01896e-33
0.0063 -1.70534e-33 -7.09021e-34 -9.96316e-34
0.00637 -0 -0 -0
0.00644 1.6316e-33 6.78364e-34 9.53237e-34
0.00651 -1.59651e-33 -6.63776e-34 -9.32738e-34
0.00658 -0 -0 -0
0.00665 -0 -0 -0
0.00672 1.49778e-33 6.22728e-34 8.75057e-34
0.00679 -1.4669e-33 -6.09888e-34 -8.57015e-34
0.00686 -0 -0 -0
0.00693 1.46615e-33 1.17075e-33 2.95405e-34
0.00713919 4.43271e-34 2.81185e-34 1.62086e-34
0.0073547 -2.19579e-34 -0 -2.19579e-34
0.00757671 4.56548e-34 2.49649e-34 2.06899e-34
0.00780543 5.06427e-34 2.35232e-34 2.71194e-34
0.00804105 6.26991e-34 4.43298e-34 1.83694e-34
0.00828378 -2.63487e-35 -0 -2.63487e-35
0.00853384 -0 -0 -0
0.00879145 -1.85426e-34 -1.85426e-34 -5.30853e-50
0.00905683 2.97475e-34 1.74718e-34 1.22757e-34
0.00933023 2.80297e-34 1.64629e-34 1.15668e-34
0.00961188 2.83682e-34 1.55122e-34 1.28559e-34
0.00990203 -1.02695e-34 -0 -1.02695e-34
0.0102009 -9.67652e-35 -0 -9.67652e-35
0.0105089 2.30868e-34 6.48857e-35 1.65983e-34
0.0108261 7.04856e-35 -0 7.04856e-35
0.0111529 -0 -0 -0
0.0114896 -1.2226e-34 -1.08563e-34 -1.36965e-35
0.0118364 5.11472e-35 5.11472e-35 -0
0.0121937 -6.77218e-35 -0 -6.77218e-35
0.0125618 -0 -0 -0
0.012941 -6.43814e-35 -4.27884e-35 -2.1593e-35
0.0133316 -7.37313e-35 -4.03176e-35 -3.34137e-35
0.0137341 5.9888e-35 3.79894e-35 2.18986e-35
0.0141486 -9.03206e-36 -0 -9.03206e-36
0.0145757 -8.11242e-35 -3.37287e-35 -4.73955e-35
0.0150157 5.01008e-35 3.1781e-35 1.83198e-35
0.015469 -7.55599e-36 -0 -7.55599e-36
0.015936 6.78665e-35 2.82165e-35 3.96499e-35
0.016417 -6.39475e-35 -2.65872e-35 -3.73603e-35
0.0169126 -1.44409e-35 -0 -1.44409e-35
0.0174231 2.06272e-35 2.36052e-35 -2.97806e-36
0.0179491 -2.50482e-35 -2.22421e-35 -2.80609e-36
0.0184909 -0 -0 -0
0.0190491 1.23651e-35 9.87377e-36 2.49137e-36
0.0196241 -2.34751e-36 -0 -2.34751e-36
0.0202165 -2.50971e-51 -0 -2.50971e-51
0.0208268 -0 -0 -0
0.0214554 -1.75302e-35 -1.55663e-35 -1.96386e-36
0.0221031 2.09956e-51 -0 2.09956e-51
0.0227703 -7.96665e-36 -0 -7.96665e-36
0.0234577 -9.14953e-36 -0 -9.14953e-36
0.0241658 1.72424e-35 -0 1.72424e-35
0.0248953 5.78092e-36 5.78092e-36 -1.65501e-51
0.0256468 6.82152e-36 5.4471e-36 1.37442e-36
0.026421 -2.9586e-36 -0 -2.9586e-36
0.0272185 1.64681e-35 9.67234e-36 6.79579e-36
0.0280402 -3.77658e-36 -0 -3.77658e-36
0.0288866 -4.29376e-36 -4.29376e-36 -0
0.0297586 -7.39883e-36 -4.04582e-36 -3.35301e-36
0.0306569 -2.19749e-36 -0 -2.19749e-36
0.0315823 -5.66265e-36 -3.59205e-36 -2.0706e-36
0.0325357 -6.18967e-36 -3.38463e-36 -2.80505e-36
0.0335178 -5.4299e-36 -3.18918e-36 -2.24072e-36
0.0345296 -0 -0 -0
0.035572 -2.83149e-36 -2.83149e-36 8.10625e-52
0.0366458 3.00458e-36 2.66799e-36 3.36596e-37
0.037752 -2.83108e-36 -2.51392e-36 -3.17159e-37
0.0388916 2.98845e-37 -0 2.98845e-37
0.0400656 1.56818e-36 -0 1.56818e-36
0.041275 1.05154e-36 1.05154e-36 -0
0.042521 1.24082e-36 9.90819e-37 2.50006e-37
0.0438045 -2.35569e-37 -0 -2.35569e-37
0.0451268 2.51846e-52 -0 2.51846e-52
0.0464891 2.37303e-52 -0 2.37303e-52
0.0478924 -1.87853e-36 -7.81029e-37 -1.0975e-36
0.0493381 2.50598e-36 1.47186e-36 1.03413e-36
0.0508275 -7.99442e-37 -0 -7.99442e-37
0.0523618 -1.19489e-36 -6.53389e-37 -5.41503e-37
0.0539424 3.5489e-37 -0 3.5489e-37
0.0555708 -0 -0 -0
0.0572483 3.15086e-37 -0 3.15086e-37
0.0589764 -1.45694e-36 -1.03009e-36 -4.26849e-37
0.0607567 -4.022e-37 -0 -4.022e-37
0.0625907 -8.36254e-37 -4.57279e-37 -3.78975e-37
0.0644801 -1.21884e-36 -8.61746e-37 -3.57091e-37
0.0664266 2.3403e-37 -0 2.3403e-37
0.0684317 2.20515e-37 -0 2.20515e-37
0.0704975 2.53257e-37 -0 2.53257e-37
0.0726256 2.38633e-37 -0 2.38633e-37
0.0748179 4.03753e-38 -0 4.03753e-38
0.0770764 1.88818e-37 1.50775e-37 3.80438e-38
0.079403 -3.41702e-37 -1.42068e-37 -1.99634e-37
0.0818 3.2197e-37 1.33864e-37 1.88106e-37
0.0842692 -1.57961e-37 -1.26134e-37 -3.18265e-38
0.086813 -0 -0 -0
0.0894336 -2.69352e-37 -1.11987e-37 -1.57365e-37
0.0921333 -3.59319e-37 -2.11041e-37 -1.48278e-37
0.0949145 -9.94273e-38 -9.94273e-38 -2.84649e-53
0.0977796 -1.08008e-37 -0 -1.08008e-37
0.100731 -2.12321e-37 -8.82759e-38 -1.24045e-37
0.103772 -2.09877e-38 -0 -2.09877e-38
0.106905 1.23554e-37 7.83752e-38 4.51785e-38
0.110132 1.35053e-37 7.38494e-38 6.12035e-38
0.113456 -8.71427e-38 -6.95849e-38 -1.75578e-38
0.116881 -0 -0 -0
0.120409 -1.12982e-37 -6.17805e-38 -5.12013e-38
0.124044 -4.82446e-38 -0 -4.82446e-38
0.127788 9.339e-38 5.48514e-38 3.85386e-38
0.131646 -9.45177e-38 -5.1684e-38 -4.28337e-38
0.13562 2.80723e-38 -0 2.80723e-38
0.139714 5.16765e-38 4.58873e-38 5.78919e-39
0.143931 6.81613e-38 4.32375e-38 2.49238e-38
0.148276 2.86244e-38 -0 2.86244e-38
0.152752 -5.49505e-54 -0 -5.49505e-54
0.157363 -4.56342e-39 -0 -4.56342e-39
0.162113 1.53467e-38 -0 1.53467e-38
0.167007 4.59702e-54 -0 4.59702e-54
0.172048 1.36254e-38 -0 1.36254e-38
0.177242 -0 -0 -0
0.182592 3.23093e-38 1.34331e-38 1.88762e-38
0.188104 -2.72498e-38 -1.26574e-38 -1.45924e-38
0.193782 1.49358e-38 1.19265e-38 3.00932e-39
0.199632 3.21725e-54 -0 3.21725e-54
0.205658 -2.6718e-39 -0 -2.6718e-39
0.211866 -1.57288e-38 -9.97739e-39 -5.75136e-39
0.218262 2.4984e-38 9.40124e-39 1.55828e-38
0.22485 -2.50582e-38 -1.77167e-38 -7.34147e-39
0.231638 -0 -0 -0
0.23863 4.5336e-39 -0 4.5336e-39
0.245834 -1.59543e-38 -7.41068e-39 -8.54361e-39
0.253255 -6.1018e-39 -6.98275e-39 8.80951e-40
0.260899 -1.88364e-54 -0 -1.88364e-54
0.268775 4.35583e-39 -0 4.35583e-39
0.276889 7.36981e-40 -0 7.36981e-40
0.285247 -6.94424e-40 -0 -6.94424e-40
0.293858 -6.54324e-40 -0 -6.54324e-40
0.302728 8.32048e-39 4.88692e-39 3.43355e-39
0.311866 2.65434e-39 -0 2.65434e-39
0.321281 3.04846e-39 -0 3.04846e-39
0.330979 2.55992e-39 2.04414e-39 5.15781e-40
0.34097 2.70655e-39 -0 2.70655e-39
0.351263 -2.09233e-39 -0 -2.09233e-39
0.361866 -3.68158e-39 -1.71007e-39 -1.97151e-39
0.37279 -2.26423e-39 -0 -2.26423e-39
0.384043 -0 -0 -0
0.395636 -0 -0 -0
0.407579 1.34799e-39 1.34799e-39 -0
0.419882 1.27015e-39 1.27015e-39 3.6363e-55
0.432557 6.89886e-40 -0 6.89886e-40
0.445615 2.34683e-39 1.1277e-39 1.21913e-39
0.459066 1.67509e-39 1.06258e-39 6.12511e-40
0.472924 -8.2977e-40 -0 -8.2977e-40
0.4872 1.72526e-39 9.43402e-40 7.81855e-40
0.501907 -4.3139e-08 -0 -4.3139e-08
0.517058 -5.92122e-24 -3.47775e-24 -2.44347e-24
0.532666 4.20965e-24 3.73806e-24 4.71597e-25
0.548745 3.30086e-08 3.30086e-08 -0
0.56531 -1.67492e-120 -1.67492e-120 -0
0.582375 9.14699e-17 5.80231e-17 3.34468e-17
0.599955 0 0 0
