TITLE="Graphics"
VARIABLES= "r, cm", "T, K", "rho, g/cm3", "u, cm/s", "vel, cm/s", "Y_O2", "Y_N2", "Y_NC7H16", "YkVK_O2", "YkVK_N2", "YkVK_NC7H16"
0.000343137  300 0.00741787 0 -1e-15 0 0.767082 1e-17 0 0 0
0.00102941  300 0.00741787 0 -1e-15 0 0.767082 1e-17 0 0 0
0.00171569  300 0.00741787 0 -1e-15 0 0.767082 1e-17 0 0 0
0.00240196  300 0.00741787 0 -1e-15 0 0.767082 1e-17 0 0 0
0.00308824  300 0.00741787 0 -1e-15 0 0.767082 1e-17 0 0 0
0.00377451  300 0.00741787 0 -1e-15 0 0.767082 1e-17 0 0 0
0.00446078  300 0.00741787 0 -1e-15 0 0.767082 1e-17 0 0 0
0.00514706  300 0.00741787 0 -1e-15 0 0.767082 1e-17 0 0 0
0.00583333  300 0.00741787 0 -1e-15 0 0.767082 1e-17 0 0 0
0.00651961  300 0.00741787 0 -1e-15 0 0.767082 1e-17 0 0 0
0.00720588  300 0.00741787 0 -1e-15 0 0.767082 1e-17 0 0 0
0.00789216  300 0.00741787 0 -1e-15 0 0.767082 1e-17 0 0 0
0.00857843  300 0.00741787 0 -1e-15 0 0.767082 1e-17 0 0 0
0.00926471  300 0.00741787 0 -1e-15 0 0.767082 1e-17 0 0 0
0.00995098  300 0.00741787 0 -1e-15 0 0.767082 1e-17 0 0 0
0.0106373  300 0.00741787 0 -1e-15 0 0.767082 1e-17 0 0 0
0.0113235  300 0.00741787 0 -1e-15 0 0.767082 1e-17 0 0 0
0.0120098  300 0.00741787 0 -1e-15 0 0.767082 1e-17 0 0 0
0.0126961  300 0.00741787 0 -1e-15 0 0.767082 1e-17 0 0 0
0.0133824  300 0.00741787 0 -1e-15 0 0.767082 1e-17 0 0 0
0.0140686  300 0.00741787 0 -1e-15 0 0.767082 1e-17 0 0 0
0.0147549  300 0.00741787 0 -1e-15 0 0.767082 1e-17 0 0 0
0.0154412  300 0.00741787 0 -1e-15 0 0.767082 1e-17 0 0 0
0.0161275  300 0.00741787 0 -1e-15 0 0.767082 1e-17 0 0 0
0.0168137  300 0.00741787 0 -1e-15 0 0.767082 1e-17 0 0 0
0.0175  300 0.00741787 0 -1e-15 0 0.767082 1e-17 0 0 0
0.0181863  300 0.00741787 0 -1e-15 0 0.767082 1e-17 0 0 0
0.0188725  300 0.00741787 0 -1e-15 0 0.767082 1e-17 0 0 0
0.0195588  300 0.00741787 0 -1e-15 0 0.767082 1e-17 0 0 0
0.0202451  300 0.00741787 0 -1e-15 0 0.767082 1e-17 0 0 0
0.0209314  300 0.00741787 0 -1e-15 0 0.767082 1e-17 0 0 0
0.0216176  300 0.00741787 0 -1e-15 0 0.767082 1e-17 0 0 0
0.0223039  300 0.00741787 0 -1e-15 0 0.767082 1e-17 0 0 0
0.0229902  300 0.00741787 0 -1e-15 0 0.767082 1e-17 0 0 0
0.0236765  300 0.00741787 0 -1e-15 0 0.767082 1e-17 0 0 0
0.0243627  300 0.00741787 0 -1e-15 0 0.767082 1e-17 0 0 0
0.025049  300 0.00741787 0 -1e-15 0 0.767082 1e-17 0 0 0
0.0257353  300 0.00741787 0 -1e-15 0 0.767082 1e-17 0 0 0
0.0264216  300 0.00741787 0 -1e-15 0 0.767082 1e-17 0 0 0
0.0271078  300 0.00741787 0 -1e-15 0 0.767082 1e-17 0 0 0
0.0277941  300 0.00741787 0 -1e-15 0 0.767082 1e-17 0 0 0
0.0284804  300 0.00741787 0 -1e-15 0 0.767082 1e-17 0 0 0
0.0291667  300 0.00741787 0 -1e-15 0 0.767082 1e-17 0 0 0
0.0298529  300 0.00741787 0 -1e-15 0 0.767082 1e-17 0 0 0
0.0305392  300 0.00741787 0 -1e-15 0 0.767082 1e-17 0 0 0
0.0312255  300 0.00741787 0 -1e-15 0 0.767082 1e-17 0 0 0
0.0319118  300 0.00741787 0 -1e-15 0 0.767082 1e-17 0 0 0
0.032598  300 0.00741787 0 -1e-15 0 0.767082 1e-17 0 0 0
0.0332843  300 0.00741787 0 -1e-15 0 0.767082 1e-17 0 0 0
0.0339706  300 0.00741787 0 -1e-15 0 0.767082 1e-17 0 0 0
0.0346569  300 0.00741787 0 -1e-15 0 0.767082 1e-17 0 0 0
0.0348627  300 0.00741787 0 -1e-15 0 0.767082 1e-17 0 0 0
0.0353431  321.11 0.0069302 0 -1e-15 5.27759e-19 0.767082 1e-17 0 0 0
0.0360294  361.925 0.00614869 0 -1e-15 1.54811e-18 0.767082 1e-17 0 0 0
0.0367157  400.63 0.00555465 0 -1e-15 2.51576e-18 0.767082 1e-17 0 0 0
0.037402  436.985 0.00509253 0 -1e-15 3.42463e-18 0.767082 1e-17 0 0 0
0.0380882  470.796 0.00472681 0 -1e-15 4.26989e-18 0.767082 1e-17 0 0 0
0.0387745  501.922 0.00443368 0 -1e-15 5.04805e-18 0.767082 1e-17 0 0 0
0.0394608  530.283 0.00419655 0 -1e-15 5.75707e-18 0.767082 1e-17 0 0 0
0.0401471  555.854 0.0040035 0 -1e-15 6.39634e-18 0.767082 1e-17 0 0 0
0.0408333  578.664 0.00384569 0 -1e-15 6.96661e-18 0.767082 1e-17 0 0 0
0.0415196  598.794 0.0037164 0 -1e-15 7.46986e-18 0.767082 1e-17 0 0 0
0.0422059  616.367 0.00361045 0 -1e-15 7.90916e-18 0.767082 1e-17 0 0 0
0.0428922  631.538 0.00352372 0 -1e-15 8.28845e-18 0.767082 1e-17 0 0 0
0.0435784  644.492 0.00345289 0 -1e-15 8.61231e-18 0.767082 1e-17 0 0 0
0.0442647  655.431 0.00339526 0 -1e-15 8.88578e-18 0.767082 1e-17 0 0 0
0.044951  664.565 0.0033486 0 -1e-15 9.11412e-18 0.767082 1e-17 0 0 0
0.0456373  672.106 0.00331103 0 -1e-15 9.30265e-18 0.767082 1e-17 0 0 0
0.0463235  678.262 0.00328097 0 -1e-15 9.45656e-18 0.767082 1e-17 0 0 0
0.0470098  683.231 0.00325711 0 -1e-15 9.58078e-18 0.767082 1e-17 0 0 0
0.0476961  687.196 0.00323832 0 -1e-15 9.6799e-18 0.767082 1e-17 0 0 0
0.0483824  690.324 0.00322365 0 -1e-15 9.75811e-18 0.767082 1e-17 0 0 0
0.0490686  692.764 0.00321229 0 -1e-15 9.8191e-18 0.767082 1e-17 0 0 0
0.0497549  694.645 0.00320359 0 -1e-15 9.86612e-18 0.767082 1e-17 0 0 0
0.0504412  696.079 0.003197 0 -1e-15 9.90197e-18 0.767082 1e-17 0 0 0
0.0511275  697.159 0.00319204 0 -1e-15 9.92897e-18 0.767082 1e-17 0 0 0
0.0518137  697.963 0.00318836 0 -1e-15 9.94908e-18 0.767082 1e-17 0 0 0
0.0525  698.556 0.00318566 0 -1e-15 9.96389e-18 0.767082 1e-17 0 0 0
0.0531863  698.987 0.00318369 0 -1e-15 9.97467e-18 0.767082 1e-17 0 0 0
0.0538725  699.297 0.00318228 0 -1e-15 9.98242e-18 0.767082 1e-17 0 0 0
0.0545588  699.517 0.00318128 0 -1e-15 9.98793e-18 0.767082 1e-17 0 0 0
0.0552451  699.672 0.00318058 0 -1e-15 9.99181e-18 0.767082 1e-17 0 0 0
0.0559314  699.78 0.00318009 0 -1e-15 9.9945e-18 0.767082 1e-17 0 0 0
0.0566176  699.854 0.00317975 0 -1e-15 9.99634e-18 0.767082 1e-17 0 0 0
0.0573039  699.904 0.00317952 0 -1e-15 9.9976e-18 0.767082 1e-17 0 0 0
0.0579902  699.938 0.00317937 0 -1e-15 9.99844e-18 0.767082 1e-17 0 0 0
0.0586765  699.96 0.00317927 0 -1e-15 9.999e-18 0.767082 1e-17 0 0 0
0.0593627  699.975 0.0031792 0 -1e-15 9.99936e-18 0.767082 1e-17 0 0 0
0.060049  699.984 0.00317916 0 -1e-15 9.9996e-18 0.767082 1e-17 0 0 0
0.0607353  699.99 0.00317913 0 -1e-15 9.99975e-18 0.767082 1e-17 0 0 0
0.0614216  699.994 0.00317911 0 -1e-15 9.99985e-18 0.767082 1e-17 0 0 0
0.0621078  699.996 0.0031791 0 -1e-15 9.99991e-18 0.767082 1e-17 0 0 0
0.0627941  699.998 0.0031791 0 -1e-15 9.99994e-18 0.767082 1e-17 0 0 0
0.0634804  699.999 0.00317909 0 -1e-15 9.99997e-18 0.767082 1e-17 0 0 0
0.0641667  699.999 0.00317909 0 -1e-15 9.99998e-18 0.767082 1e-17 0 0 0
0.0648529  700 0.00317909 0 -1e-15 9.99999e-18 0.767082 1e-17 0 0 0
0.0655392  700 0.00317909 0 -1e-15 9.99999e-18 0.767082 1e-17 0 0 0
0.0662255  700 0.00317909 0 -1e-15 1e-17 0.767082 1e-17 0 0 0
0.0669118  700 0.00317909 0 -1e-15 1e-17 0.767082 1e-17 0 0 0
0.067598  700 0.00317909 0 -1e-15 1e-17 0.767082 1e-17 0 0 0
0.0682843  700 0.00317909 0 -1e-15 1e-17 0.767082 1e-17 0 0 0
0.0689706  700 0.00317909 0 -1e-15 1e-17 0.767082 1e-17 0 0 0
0.0575632  699.918 0.00317946 0 -1e-15 9.99796e-18 0.767082 1e-17 0 0 0
0.0480426  688.87 0.00323045 0 -1e-15 9.72176e-18 0.767082 1e-17 0 0 0
0.0400966  554.067 0.00401641 0 -1e-15 6.35167e-18 0.767082 1e-17 0 0 0
0.0334648  201.011 0.0110708 0 -1e-15 -2.47472e-18 0.767082 1e-17 0 0 0
0.0279299  -171.594 -0.0129688 0 -1e-15 -1.17898e-17 0.767082 1e-17 0 0 0
0.0233104  -463.22 -0.00480412 0 -1e-15 -1.90805e-17 0.767082 1e-17 0 0 0
0.019455  -729.508 -0.00305049 0 -1e-15 -2.57377e-17 0.767082 1e-17 0 0 0
0.0162373  -1021.96 -0.00217754 0 -1e-15 -3.3049e-17 0.767082 1e-17 0 0 0
0.0135517  -1365.49 -0.00162972 0 -1e-15 -4.16372e-17 0.767082 1e-17 0 0 0
0.0113103  -1775.41 -0.00125343 0 -1e-15 -5.18853e-17 0.767082 1e-17 0 0 0
0.00943965  -2266.14 -0.000982004 0 -1e-15 -6.41535e-17 0.767082 1e-17 0 0 0
0.00787838  -2854 -0.000779733 0 -1e-15 -7.88501e-17 0.767082 1e-17 0 0 0
0.00657533  -3558.33 -0.000625395 0 -1e-15 -9.64581e-17 0.767082 1e-17 0 0 0
0.00548781  -4402.21 -0.00050551 0 -1e-15 -1.17555e-16 0.767082 1e-17 0 0 0
0.00458015  -5413.33 -0.000411089 0 -1e-15 -1.42833e-16 0.767082 1e-17 0 0 0
0.00382262  -6624.82 -0.000335913 0 -1e-15 -1.7312e-16 0.767082 1e-17 0 0 0
0.00319038  -8076.39 -0.000275539 0 -1e-15 -2.0941e-16 0.767082 1e-17 0 0 0
0.00266271  -9815.62 -0.000226716 0 -1e-15 -2.5289e-16 0.767082 1e-17 0 0 0
0.00222231  -11899.5 -0.000187013 0 -1e-15 -3.04988e-16 0.767082 1e-17 0 0 0
0.00185475  -14396.4 -0.000154578 0 -1e-15 -3.67409e-16 0.767082 1e-17 0 0 0
0.00154798  -17388 -0.000127982 0 -1e-15 -4.42201e-16 0.767082 1e-17 0 0 0
0.00129196  -20972.6 -0.000106108 0 -1e-15 -5.31814e-16 0.767082 1e-17 0 0 0
0.00107827  -25267.5 -8.80722e-05 0 -1e-15 -6.39187e-16 0.767082 1e-17 0 0 0
0.000899932  -30413.5 -7.31702e-05 0 -1e-15 -7.67837e-16 0.767082 1e-17 0 0 0
0.000751088  -36579.3 -6.08367e-05 0 -1e-15 -9.21982e-16 0.767082 1e-17 0 0 0
0.000626862  -43966.9 -5.06144e-05 0 -1e-15 -1.10667e-15 0.767082 1e-17 0 0 0
0.000523182  -52818.7 -4.21321e-05 0 -1e-15 -1.32797e-15 0.767082 1e-17 0 0 0
0.00043665  -63424.5 -3.50867e-05 0 -1e-15 -1.59311e-15 0.767082 1e-17 0 0 0
0.000364431  -76132.2 -2.92302e-05 0 -1e-15 -1.9108e-15 0.767082 1e-17 0 0 0
0.000304156  -91358.1 -2.43587e-05 0 -1e-15 -2.29145e-15 0.767082 1e-17 0 0 0
0.00025385  -109601 -2.03041e-05 0 -1e-15 -2.74753e-15 0.767082 1e-17 0 0 0
0.000211864  -131460 -1.6928e-05 0 -1e-15 -3.294e-15 0.767082 1e-17 0 0 0
0.000176823  -157650 -1.41158e-05 0 -1e-15 -3.94876e-15 0.767082 1e-17 0 0 0
0.000147578  -189031 -1.17725e-05 0 -1e-15 -4.73327e-15 0.767082 1e-17 0 0 0
0.000123169  -226630 -9.81936e-06 0 -1e-15 -5.67325e-15 0.767082 1e-17 0 0 0
0.000102797  -271680 -8.1911e-06 0 -1e-15 -6.79951e-15 0.767082 1e-17 0 0 0
8.57953e-05  -325658 -6.83342e-06 0 -1e-15 -8.14896e-15 0.767082 1e-17 0 0 0
7.16052e-05  -390333 -5.70118e-06 0 -1e-15 -9.76583e-15 0.767082 1e-17 0 0 0
5.97621e-05  -467825 -4.75683e-06 0 -1e-15 -1.17031e-14 0.767082 1e-17 0 0 0
4.98777e-05  -560673 -3.96909e-06 0 -1e-15 -1.40243e-14 0.767082 1e-17 0 0 0
4.16282e-05  -671921 -3.31194e-06 0 -1e-15 -1.68055e-14 0.767082 1e-17 0 0 0
3.47431e-05  -805215 -2.76368e-06 0 -1e-15 -2.01379e-14 0.767082 1e-17 0 0 0
2.89968e-05  -964924 -2.30625e-06 0 -1e-15 -2.41306e-14 0.767082 1e-17 0 0 0
2.42009e-05  -1.15628e+06 -1.92458e-06 0 -1e-15 -2.89146e-14 0.767082 1e-17 0 0 0
2.01982e-05  -1.38556e+06 -1.6061e-06 0 -1e-15 -3.46466e-14 0.767082 1e-17 0 0 0
1.68575e-05  -1.66028e+06 -1.34035e-06 0 -1e-15 -4.15145e-14 0.767082 1e-17 0 0 0
1.40694e-05  -1.98944e+06 -1.11859e-06 0 -1e-15 -4.97435e-14 0.767082 1e-17 0 0 0
1.17424e-05  -2.38383e+06 -9.33523e-07 0 -1e-15 -5.96032e-14 0.767082 1e-17 0 0 0
9.80023e-06  -2.85638e+06 -7.79085e-07 0 -1e-15 -7.14169e-14 0.767082 1e-17 0 0 0
