TITLE="Graphics"
VARIABLES= "r, cm", "T, K", "rho, g/cm3", "u, cm/s", "vel, cm/s", "Y_O2", "Y_N2", "Y_NC7H16", "YkVK_O2", "YkVK_N2", "YkVK_NC7H16"
0  300 0.00232323 8.79303e-15 0 0.232918 0.767082 0 0 0 0
0.000735294  300 0.00232323 8.79303e-15 0 0.232918 0.767082 0 0 0 0
0.00147059  300 0.00232323 8.79303e-15 0 0.232918 0.767082 0 0 0 0
0.00220588  300 0.00232323 8.79303e-15 0 0.232918 0.767082 0 0 0 0
0.00294118  300 0.00232323 8.79303e-15 0 0.232918 0.767082 0 0 0 0
0.00367647  300 0.00232323 8.79303e-15 0 0.232918 0.767082 0 0 0 0
0.00441176  300 0.00232323 8.79303e-15 0 0.232918 0.767082 0 0 0 0
0.00514706  300 0.00232323 8.79303e-15 0 0.232918 0.767082 0 0 0 0
0.00588235  300 0.00232323 8.79303e-15 0 0.232918 0.767082 0 0 0 0
0.00661765  300 0.00232323 8.79303e-15 0 0.232918 0.767082 0 0 0 0
0.00735294  300 0.00232323 8.79303e-15 0 0.232918 0.767082 0 0 0 0
0.00808824  300 0.00232323 8.79303e-15 0 0.232918 0.767082 0 0 0 0
0.00882353  300 0.00232323 8.79303e-15 0 0.232918 0.767082 0 0 0 0
0.00955882  300 0.00232323 8.79303e-15 0 0.232918 0.767082 0 0 0 0
0.0102941  300 0.00232323 8.79303e-15 0 0.232918 0.767082 0 0 0 0
0.0110294  300 0.00232323 8.79303e-15 0 0.232918 0.767082 0 0 0 0
0.0117647  300 0.00232323 8.79303e-15 0 0.232918 0.767082 0 0 0 0
0.0125  300 0.00232323 8.79303e-15 0 0.232918 0.767082 0 0 0 0
0.0132353  300 0.00232323 8.79303e-15 0 0.232918 0.767082 0 0 0 0
0.0139706  300 0.00232323 8.79303e-15 0 0.232918 0.767082 0 0 0 0
0.0147059  300 0.00232323 8.79303e-15 0 0.232918 0.767082 0 0 0 0
0.0154412  300 0.00232323 8.79303e-15 0 0.232918 0.767082 0 0 0 0
0.0161765  300 0.00232323 8.79303e-15 0 0.232918 0.767082 0 0 0 0
0.0169118  300 0.00232323 8.79303e-15 0 0.232918 0.767082 0 0 0 0
0.0176471  300 0.00232323 8.79303e-15 0 0.232918 0.767082 0 0 0 0
0.0183824  300 0.00232323 8.79303e-15 0 0.232918 0.767082 0 0 0 0
0.0191176  300 0.00232323 8.79303e-15 0 0.232918 0.767082 0 0 0 0
0.0198529  300 0.00232323 8.79303e-15 0 0.232918 0.767082 0 0 0 0
0.0205882  300 0.00232323 8.79303e-15 0 0.232918 0.767082 0 0 0 0
0.0213235  300 0.00232323 8.79303e-15 0 0.232918 0.767082 0 0 0 0
0.0220588  300 0.00232323 8.79303e-15 0 0.232918 0.767082 0 0 0 0
0.0227941  300 0.00232323 8.79303e-15 0 0.232918 0.767082 0 0 0 0
0.0235294  300 0.00232323 8.79303e-15 0 0.232918 0.767082 0 0 0 0
0.0242647  300 0.00232323 8.79303e-15 0 0.232918 0.767082 0 0 0 0
0.025  300 0.00232323 8.79303e-15 0 0.232918 0.767082 0 0 0 0
0.0257353  300 0.00232323 8.79303e-15 0 0.232918 0.767082 0 0 0 0
0.0264706  300 0.00232323 8.79303e-15 0 0.232918 0.767082 0 0 0 0
0.0272059  300 0.00232323 8.79303e-15 0 0.232918 0.767082 0 0 0 0
0.0279412  300 0.00232323 8.79303e-15 0 0.232918 0.767082 0 0 0 0
0.0286765  300 0.00232323 8.79303e-15 0 0.232918 0.767082 0 0 0 0
0.0294118  300 0.00232323 8.79303e-15 0 0.232918 0.767082 0 0 0 0
0.0301471  300 0.00232323 8.79303e-15 0 0.232918 0.767082 0 0 0 0
0.0308824  300 0.00232323 8.79303e-15 0 0.232918 0.767082 0 0 0 0
0.0316176  300 0.00232323 8.79303e-15 0 0.232918 0.767082 0 0 0 0
0.0323529  300 0.00232323 8.79303e-15 0 0.232918 0.767082 0 0 0 0
0.0330882  300 0.00232323 8.79303e-15 0 0.232918 0.767082 0 0 0 0
0.0338235  300 0.00232323 8.79303e-15 0 0.232918 0.767082 0 0 0 0
0.0345588  300 0.00232323 8.79303e-15 0 0.232918 0.767082 0 0 0 0
0.0352941  300 0.00232323 8.79303e-15 0 0.232918 0.767082 0 0 0 0
0.0360294  300 0.00232323 8.79303e-15 0 0.232918 0.767082 0 0 0 0
0.0367647  300 0.00232323 8.79303e-15 0 0.232918 0.767082 0 0 0 0
0.0372794  302.688 0.00232323 8.79303e-15 0 0.232918 0.767082 0 0 0 0
0.0375  300 0.00234405 2.31832 0 0.232918 0.767082 0 0 0 0
0.0382353  322.789 0.00217856 2.75323 0 0.232918 0.767082 0 0 0 0
0.0389706  344.569 0.00204085 3.04067 0 0.232918 0.767082 0 0 0 0
0.0397059  365.254 0.00192527 3.1839 0 0.232918 0.767082 0 0 0 0
0.0404412  384.771 0.00182762 3.19058 0 0.232918 0.767082 0 0 0 0
0.0411765  403.063 0.00174467 3.07219 0 0.232918 0.767082 0 0 0 0
0.0419118  420.089 0.00167397 2.84336 0 0.232918 0.767082 0 0 0 0
0.0426471  435.824 0.00161353 2.52102 0 0.232918 0.767082 0 0 0 0
0.0433824  450.262 0.00156179 2.12352 0 0.232918 0.767082 0 0 0 0
0.0441176  463.414 0.00151746 1.66979 0 0.232918 0.767082 0 0 0 0
0.0448529  475.306 0.0014795 1.17844 0 0.232918 0.767082 0 0 0 0
0.0455882  485.978 0.00144701 0.667138 0 0.232918 0.767082 0 0 0 0
0.0463235  495.483 0.00141925 0.151927 0 0.232918 0.767082 0 0 0 0
0.0470588  503.883 0.00139559 -0.353154 0 0.232918 0.767082 0 0 0 0
0.0477941  511.251 0.00137548 -0.836375 0 0.232918 0.767082 0 0 0 0
0.0485294  517.662 0.00135844 -1.28843 0 0.232918 0.767082 0 0 0 0
0.0492647  523.198 0.00134407 -1.70245 0 0.232918 0.767082 0 0 0 0
0.05  527.94 0.001332 -2.07383 0 0.232918 0.767082 0 0 0 0
0.0507353  531.97 0.0013219 -2.40007 0 0.232918 0.767082 0 0 0 0
0.0514706  535.369 0.00131351 -2.6805 0 0.232918 0.767082 0 0 0 0
0.0522059  538.211 0.00130658 -2.91591 0 0.232918 0.767082 0 0 0 0
0.0529412  540.57 0.00130088 -3.10833 0 0.232918 0.767082 0 0 0 0
0.0536765  542.511 0.00129622 -3.26065 0 0.232918 0.767082 0 0 0 0
0.0544118  544.096 0.00129244 -3.37636 0 0.232918 0.767082 0 0 0 0
0.0551471  545.38 0.0012894 -3.4593 0 0.232918 0.767082 0 0 0 0
0.0558824  546.411 0.00128697 -3.51347 0 0.232918 0.767082 0 0 0 0
0.0566176  547.233 0.00128503 -3.5428 0 0.232918 0.767082 0 0 0 0
0.0573529  547.883 0.00128351 -3.55109 0 0.232918 0.767082 0 0 0 0
0.0580882  548.392 0.00128232 -3.54186 0 0.232918 0.767082 0 0 0 0
0.0588235  548.788 0.00128139 -3.51834 0 0.232918 0.767082 0 0 0 0
0.0595588  549.094 0.00128068 -3.48338 0 0.232918 0.767082 0 0 0 0
0.0602941  549.327 0.00128014 -3.43949 0 0.232918 0.767082 0 0 0 0
0.0610294  549.504 0.00127972 -3.3888 0 0.232918 0.767082 0 0 0 0
0.0617647  549.638 0.00127941 -3.33314 0 0.232918 0.767082 0 0 0 0
0.0625  549.737 0.00127918 -3.27401 0 0.232918 0.767082 0 0 0 0
0.0632353  549.811 0.00127901 -3.21262 0 0.232918 0.767082 0 0 0 0
0.0639706  549.865 0.00127888 -3.14997 0 0.232918 0.767082 0 0 0 0
0.0647059  549.904 0.00127879 -3.08683 0 0.232918 0.767082 0 0 0 0
0.0654412  549.933 0.00127873 -3.0238 0 0.232918 0.767082 0 0 0 0
0.0661765  549.953 0.00127868 -2.96133 0 0.232918 0.767082 0 0 0 0
0.0669118  549.968 0.00127865 -2.89977 0 0.232918 0.767082 0 0 0 0
0.0676471  549.978 0.00127862 -2.83935 0 0.232918 0.767082 0 0 0 0
0.0683824  549.985 0.00127861 -2.78024 0 0.232918 0.767082 0 0 0 0
0.0691176  549.99 0.00127859 -2.72255 0 0.232918 0.767082 0 0 0 0
0.0698529  549.993 0.00127859 -2.66634 0 0.232918 0.767082 0 0 0 0
0.0705882  549.995 0.00127858 -2.61164 0 0.232918 0.767082 0 0 0 0
0.0713235  549.997 0.00127858 -2.55845 0 0.232918 0.767082 0 0 0 0
0.0720588  549.998 0.00127858 -2.50677 0 0.232918 0.767082 0 0 0 0
0.0727941  549.999 0.00127857 -2.45656 0 0.232918 0.767082 0 0 0 0
0.0735731  549.999 0.00127857 -2.40494 0 0.232918 0.767082 0 0 0 0
0.0743983  550 0.00127857 -2.35197 0 0.232918 0.767082 0 0 0 0
0.0752725  550 0.00127857 -2.29771 0 0.232918 0.767082 0 0 0 0
0.0761986  550 0.00127857 -2.24223 0 0.232918 0.767082 0 0 0 0
0.0771797  550 0.00127857 -2.1856 0 0.232918 0.767082 0 0 0 0
0.0782191  550 0.00127857 -2.12791 0 0.232918 0.767082 0 0 0 0
0.0793202  550 0.00127857 -2.06925 0 0.232918 0.767082 0 0 0 0
0.0804866  550 0.00127857 -2.00971 0 0.232918 0.767082 0 0 0 0
0.0817224  550 0.00127857 -1.9494 0 0.232918 0.767082 0 0 0 0
0.0830315  550 0.00127857 -1.88841 0 0.232918 0.767082 0 0 0 0
0.0844183  550 0.00127857 -1.82687 0 0.232918 0.767082 0 0 0 0
0.0858875  550 0.00127857 -1.76491 0 0.232918 0.767082 0 0 0 0
0.0874439  550 0.00127857 -1.70264 0 0.232918 0.767082 0 0 0 0
0.0890927  550 0.00127857 -1.6402 0 0.232918 0.767082 0 0 0 0
0.0908395  550 0.00127857 -1.57773 0 0.232918 0.767082 0 0 0 0
0.0926899  550 0.00127857 -1.51536 0 0.232918 0.767082 0 0 0 0
0.0946503  550 0.00127857 -1.45324 0 0.232918 0.767082 0 0 0 0
0.096727  550 0.00127857 -1.39151 0 0.232918 0.767082 0 0 0 0
0.0989271  550 0.00127857 -1.33031 0 0.232918 0.767082 0 0 0 0
0.101258  550 0.00127857 -1.26977 0 0.232918 0.767082 0 0 0 0
0.103727  550 0.00127857 -1.21004 0 0.232918 0.767082 0 0 0 0
0.106343  550 0.00127857 -1.15124 0 0.232918 0.767082 0 0 0 0
0.109114  550 0.00127857 -1.09351 0 0.232918 0.767082 0 0 0 0
0.112049  550 0.00127857 -1.03697 0 0.232918 0.767082 0 0 0 0
0.115159  550 0.00127857 -0.981716 0 0.232918 0.767082 0 0 0 0
0.118454  550 0.00127857 -0.927867 0 0.232918 0.767082 0 0 0 0
0.121944  550 0.00127857 -0.875514 0 0.232918 0.767082 0 0 0 0
0.125641  550 0.00127857 -0.824743 0 0.232918 0.767082 0 0 0 0
0.129558  550 0.00127857 -0.775628 0 0.232918 0.767082 0 0 0 0
0.133708  550 0.00127857 -0.728233 0 0.232918 0.767082 0 0 0 0
0.138103  550 0.00127857 -0.68261 0 0.232918 0.767082 0 0 0 0
0.14276  550 0.00127857 -0.638802 0 0.232918 0.767082 0 0 0 0
0.147694  550 0.00127857 -0.596839 0 0.232918 0.767082 0 0 0 0
0.15292  550 0.00127857 -0.55674 0 0.232918 0.767082 0 0 0 0
0.158457  550 0.00127857 -0.518513 0 0.232918 0.767082 0 0 0 0
0.164322  550 0.00127857 -0.482157 0 0.232918 0.767082 0 0 0 0
0.170536  550 0.00127857 -0.44766 0 0.232918 0.767082 0 0 0 0
0.177119  550 0.00127857 -0.415003 0 0.232918 0.767082 0 0 0 0
0.184093  550 0.00127857 -0.384157 0 0.232918 0.767082 0 0 0 0
0.19148  550 0.00127857 -0.355086 0 0.232918 0.767082 0 0 0 0
0.199307  550 0.00127857 -0.327747 0 0.232918 0.767082 0 0 0 0
0.207598  550 0.00127857 -0.30209 0 0.232918 0.767082 0 0 0 0
0.216381  550 0.00127857 -0.278063 0 0.232918 0.767082 0 0 0 0
0.225686  550 0.00127857 -0.255607 0 0.232918 0.767082 0 0 0 0
0.235544  550 0.00127857 -0.23466 0 0.232918 0.767082 0 0 0 0
0.245986  550 0.00127857 -0.215159 0 0.232918 0.767082 0 0 0 0
0.257049  550 0.00127857 -0.197037 0 0.232918 0.767082 0 0 0 0
0.268769  550 0.00127857 -0.180228 0 0.232918 0.767082 0 0 0 0
0.281185  550 0.00127857 -0.164664 0 0.232918 0.767082 0 0 0 0
0.294338  550 0.00127857 -0.150276 0 0.232918 0.767082 0 0 0 0
0.308272  550 0.00127857 -0.136998 0 0.232918 0.767082 0 0 0 0
0.323033  550 0.00127857 -0.124764 0 0.232918 0.767082 0 0 0 0
0.338671  550 0.00127857 -0.113508 0 0.232918 0.767082 0 0 0 0
0.355237  550 0.00127857 -0.103168 0 0.232918 0.767082 0 0 0 0
0.372787  550 0.00127857 -0.0936828 0 0.232918 0.767082 0 0 0 0
0.391379  550 0.00127857 -0.0849936 0 0.232918 0.767082 0 0 0 0
0.411075  550 0.00127857 -0.077044 0 0.232918 0.767082 0 0 0 0
0.431941  550 0.00127857 -0.0697803 0 0.232918 0.767082 0 0 0 0
0.454046  550 0.00127857 -0.0631514 0 0.232918 0.767082 0 0 0 0
0.477463  550 0.00127857 -0.0571088 0 0.232918 0.767082 0 0 0 0
0.50227  550 0.00127857 -0.0516068 0 0.232918 0.767082 0 0 0 0
0.528551  550 0.00127857 -0.0466024 0 0.232918 0.767082 0 0 0 0
0.556392  550 0.00127857 -0.0420552 0 0.232918 0.767082 0 0 0 0
0.585887  550 0.00127857 -0.0379275 0 0.232918 0.767082 0 0 0 0
0.617132  550 0.00127857 -0.0341842 0 0.232918 0.767082 0 0 0 0
0.650233  550 0.00127857 -0.0307924 0 0.232918 0.767082 0 0 0 0
0.6853  550 0.00127857 -0.0277217 0 0.232918 0.767082 0 0 0 0
0.722449  550 0.00127857 -0.0249441 0 0.232918 0.767082 0 0 0 0
0.761803  550 0.00127857 -0.0224335 0 0.232918 0.767082 0 0 0 0
0.803494  550 0.00127857 -0.0201658 0 0.232918 0.767082 0 0 0 0
0.847661  550 0.00127857 -0.0181191 0 0.232918 0.767082 0 0 0 0
0.894451  550 0.00127857 -0.016273 0 0.232918 0.767082 0 0 0 0
0.944019  550 0.00127857 -0.014609 0 0.232918 0.767082 0 0 0 0
0.99653  550 0.00127857 -0.01311 0 0.232918 0.767082 0 0 0 0
1.05216  550 0.00127857 -0.0117603 0 0.232918 0.767082 0 0 0 0
1.11109  550 0.00127857 -0.0105459 0 0.232918 0.767082 0 0 0 0
1.17352  550 0.00127857 -0.00945363 0 0.232918 0.767082 0 0 0 0
1.23966  550 0.00127857 -0.00847179 0 0.232918 0.767082 0 0 0 0
1.30973  550 0.00127857 -0.00758962 0 0.232918 0.767082 0 0 0 0
1.38395  550 0.00127857 -0.00679733 0 0.232918 0.767082 0 0 0 0
1.46259  550 0.00127857 -0.00608608 0 0.232918 0.767082 0 0 0 0
1.54589  550 0.00127857 -0.00544784 0 0.232918 0.767082 0 0 0 0
1.63414  550 0.00127857 -0.00487532 0 0.232918 0.767082 0 0 0 0
1.72763  550 0.00127857 -0.00436195 0 0.232918 0.767082 0 0 0 0
1.82667  550 0.00127857 -0.00390177 0 0.232918 0.767082 0 0 0 0
1.93159  550 0.00127857 -0.0034894 0 0.232918 0.767082 0 0 0 0
2.04274  550 0.00127857 -0.00311999 0 0.232918 0.767082 0 0 0 0
2.1605  550 0.00127857 -0.00278917 0 0.232918 0.767082 0 0 0 0
2.28524  550 0.00127857 -0.00249298 0 0.232918 0.767082 0 0 0 0
2.41739  550 0.00127857 -0.00222786 0 0.232918 0.767082 0 0 0 0
2.55739  550 0.00127857 -0.00199062 0 0.232918 0.767082 0 0 0 0
2.7057  550 0.00127857 -0.00177837 0 0.232918 0.767082 0 0 0 0
2.86282  550 0.00127857 -0.00158853 0 0.232918 0.767082 0 0 0 0
3.02926  550 0.00127857 -0.00141875 0 0.232918 0.767082 0 0 0 0
3.20559  550 0.00127857 -0.00126696 0 0.232918 0.767082 0 0 0 0
3.3924  550 0.00127857 -0.00113128 0 0.232918 0.767082 0 0 0 0
3.59029  550 0.00127857 -0.00101 0 0.232918 0.767082 0 0 0 0
3.79993  550 0.00127857 -0.000901634 0 0.232918 0.767082 0 0 0 0
4.02202  550 0.00127857 -0.000804809 0 0.232918 0.767082 0 0 0 0
4.2573  550 0.00127857 -0.000804809 0 0.232918 0.767082 0 0 0 0
