Temperature Density
K kg/m^3
         0.0     770.7939 
       180.0     770.7939 
       190.0        766.1 
       200.0        758.8 
       210.0        751.4 
       220.0        743.9 
       230.0        736.3 
       240.0        728.6 
       250.0        720.8 
       260.0        712.9 
       270.0        704.8 
       280.0        696.7 
       290.0        688.4 
       300.0        680.0 
       310.0        671.4 
       320.0        662.7 
       330.0        653.8 
       340.0        644.7 
       350.0        635.4 
       360.0        625.9 
       370.0        616.2 
       380.0        606.2 
       390.0        595.9 
       400.0        585.3 
       410.0        574.4 
       420.0        563.1 
       430.0        551.3 
       440.0        538.9 
       450.0        526.0 
       460.0        512.3 
       470.0        497.8 
       480.0        482.1 
       490.0        465.1 
       500.0        446.2 
       510.0        424.5 
       520.0        398.3 
       530.0        363.0 
       540.0      278.084 
       550.0      278.084 
