VARIABLES = T vapor_saturation_p_C7H16
180.000000 0.278452
190.000000 0.562400
200.000000 2.197000
210.000000 7.391000
220.000000 21.890000
230.000000 58.090000
240.000000 140.200000
250.000000 311.300000
260.000000 643.200000
270.000000 1247.000000
280.000000 2285.000000
290.000000 3985.000000
300.000000 6648.000000
310.000000 10660.000000
320.000000 16500.000000
330.000000 24750.000000
340.000000 36090.000000
350.000000 51270.000000
360.000000 71190.000000
370.000000 96790.000000
380.000000 129100.000000
390.000000 169300.000000
400.000000 218500.000000
410.000000 278100.000000
420.000000 349300.000000
430.000000 433700.000000
440.000000 532500.000000
450.000000 647500.000000
460.000000 780200.000000
470.000000 932400.000000
480.000000 1106000.000000
490.000000 1302000.000000
500.000000 1524000.000000
510.000000 1774000.000000
520.000000 2053000.000000
530.000000 2365000.000000
550.000000 2684240.000000
