TITLE="Graphics"
VARIABLES= "r, cm", "T, K", "rho, g/cm3", "u, cm/s", "vel, cm/s", "Y_H", "Y_H2", "Y_O", "Y_O2", "Y_OH", "Y_H2O", "Y_CO", "Y_HCO", "Y_CO2", "Y_CH3", "Y_CH4", "Y_HO2", "Y_H2O2", "Y_CH2O", "Y_CH3O", "Y_C2H6", "Y_C2H4", "Y_C2H5", "Y_C2H2", "Y_C2H3", "Y_CH2CO", "Y_HCCO", "Y_CH3CO", "Y_CH2CHO", "Y_CH3CHO", "Y_C3H4-A", "Y_C3H6", "Y_C4H6", "Y_NC3H7", "Y_C4H7", "Y_C4H8-1", "Y_PC4H9", "Y_CH3COCH2", "Y_C2H5CHO", "Y_C2H5CO", "Y_C5H9", "Y_C5H10-1", "Y_C2H5O", "Y_CH3O2", "Y_CH3O2H", "Y_C2H3CO", "Y_C2H3CHO", "Y_C3H5O", "Y_C4H7O", "Y_C4H8OOH1-3O2", "Y_C4H8OOH1-3", "Y_PC4H9O2", "Y_C3H5-A", "Y_C3H3", "Y_C3H2", "Y_CH2(S)", "Y_NC4KET13", "Y_NC3H7CHO", "Y_NC3H7CO", "Y_C2H5COCH2", "Y_NC3H7COCH2", "Y_NC4H9CHO", "Y_NC4H9CO", "Y_NC7H16", "Y_C7H15-1", "Y_C7H15-2", "Y_C7H15-3", "Y_C7H15-4", "Y_C7H14-2", "Y_C7H14-3", "Y_C7H15O2-1", "Y_C7H15O2-2", "Y_C7H15O2-3", "Y_C7H15O2-4", "Y_C7H14OOH1-3", "Y_C7H14OOH2-3", "Y_C7H14OOH2-4", "Y_C7H14OOH3-2", "Y_C7H14OOH3-4", "Y_C7H14OOH3-5", "Y_C7H14OOH4-2", "Y_C7H14OOH4-3", "Y_C7H14OOH1-3O2", "Y_C7H14OOH2-4O2", "Y_C7H14OOH3-5O2", "Y_C7H14OOH4-2O2", "Y_C7H14O1-3", "Y_C7H14O2-4", "Y_NC7KET13", "Y_NC7KET24", "Y_NC7KET35", "Y_NC7KET42", "Y_N2"
0.000367647  300 0.00571088 2.96338e-24 1.88934e-52 1e-50 1e-50 1e-50 0.232918 1e-50 1e-50 1e-50 1e-50 1e-50 1e-50 1e-50 1e-50 1e-50 1e-50 1e-50 1e-50 1e-50 1e-50 1e-50 1e-50 1e-50 1e-50 1e-50 1e-50 1e-50 1e-50 1e-50 1e-50 1e-50 1e-50 1e-50 1e-50 1e-50 1e-50 1e-50 1e-50 1e-50 1e-50 1e-50 1e-50 1e-50 1e-50 1e-50 1e-50 1e-50 1e-50 1e-50 1e-50 1e-50 1e-50 1e-50 1e-50 1e-50 1e-50 1e-50 1e-50 1e-50 1e-50 0 1e-50 1e-50 1e-50 1e-50 1e-50 1e-50 1e-50 1e-50 1e-50 1e-50 1e-50 1e-50 1e-50 1e-50 1e-50 1e-50 1e-50 1e-50 1e-50 1e-50 1e-50 1e-50 1e-50 1e-50 1e-50 1e-50 1e-50 1e-50 0.767082
0.00110294  300 0.00571088 2.96338e-24 1.88934e-52 1e-50 1e-50 1e-50 0.232918 1e-50 1e-50 1e-50 1e-50 1e-50 1e-50 1e-50 1e-50 1e-50 1e-50 1e-50 1e-50 1e-50 1e-50 1e-50 1e-50 1e-50 1e-50 1e-50 1e-50 1e-50 1e-50 1e-50 1e-50 1e-50 1e-50 1e-50 1e-50 1e-50 1e-50 1e-50 1e-50 1e-50 1e-50 1e-50 1e-50 1e-50 1e-50 1e-50 1e-50 1e-50 1e-50 1e-50 1e-50 1e-50 1e-50 1e-50 1e-50 1e-50 1e-50 1e-50 1e-50 1e-50 1e-50 0 1e-50 1e-50 1e-50 1e-50 1e-50 1e-50 1e-50 1e-50 1e-50 1e-50 1e-50 1e-50 1e-50 1e-50 1e-50 1e-50 1e-50 1e-50 1e-50 1e-50 1e-50 1e-50 1e-50 1e-50 1e-50 1e-50 1e-50 1e-50 0.767082
0.00183824  300 0.00571088 2.96338e-24 1.88934e-52 1e-50 1e-50 1e-50 0.232918 1e-50 1e-50 1e-50 1e-50 1e-50 1e-50 1e-50 1e-50 1e-50 1e-50 1e-50 1e-50 1e-50 1e-50 1e-50 1e-50 1e-50 1e-50 1e-50 1e-50 1e-50 1e-50 1e-50 1e-50 1e-50 1e-50 1e-50 1e-50 1e-50 1e-50 1e-50 1e-50 1e-50 1e-50 1e-50 1e-50 1e-50 1e-50 1e-50 1e-50 1e-50 1e-50 1e-50 1e-50 1e-50 1e-50 1e-50 1e-50 1e-50 1e-50 1e-50 1e-50 1e-50 1e-50 0 1e-50 1e-50 1e-50 1e-50 1e-50 1e-50 1e-50 1e-50 1e-50 1e-50 1e-50 1e-50 1e-50 1e-50 1e-50 1e-50 1e-50 1e-50 1e-50 1e-50 1e-50 1e-50 1e-50 1e-50 1e-50 1e-50 1e-50 1e-50 0.767082
0.00257353  300 0.00571088 2.96338e-24 1.88934e-52 1e-50 1e-50 1e-50 0.232918 1e-50 1e-50 1e-50 1e-50 1e-50 1e-50 1e-50 1e-50 1e-50 1e-50 1e-50 1e-50 1e-50 1e-50 1e-50 1e-50 1e-50 1e-50 1e-50 1e-50 1e-50 1e-50 1e-50 1e-50 1e-50 1e-50 1e-50 1e-50 1e-50 1e-50 1e-50 1e-50 1e-50 1e-50 1e-50 1e-50 1e-50 1e-50 1e-50 1e-50 1e-50 1e-50 1e-50 1e-50 1e-50 1e-50 1e-50 1e-50 1e-50 1e-50 1e-50 1e-50 1e-50 1e-50 0 1e-50 1e-50 1e-50 1e-50 1e-50 1e-50 1e-50 1e-50 1e-50 1e-50 1e-50 1e-50 1e-50 1e-50 1e-50 1e-50 1e-50 1e-50 1e-50 1e-50 1e-50 1e-50 1e-50 1e-50 1e-50 1e-50 1e-50 1e-50 0.767082
0.00330882  300 0.00571088 2.96338e-24 1.88934e-52 1e-50 1e-50 1e-50 0.232918 1e-50 1e-50 1e-50 1e-50 1e-50 1e-50 1e-50 1e-50 1e-50 1e-50 1e-50 1e-50 1e-50 1e-50 1e-50 1e-50 1e-50 1e-50 1e-50 1e-50 1e-50 1e-50 1e-50 1e-50 1e-50 1e-50 1e-50 1e-50 1e-50 1e-50 1e-50 1e-50 1e-50 1e-50 1e-50 1e-50 1e-50 1e-50 1e-50 1e-50 1e-50 1e-50 1e-50 1e-50 1e-50 1e-50 1e-50 1e-50 1e-50 1e-50 1e-50 1e-50 1e-50 1e-50 0 1e-50 1e-50 1e-50 1e-50 1e-50 1e-50 1e-50 1e-50 1e-50 1e-50 1e-50 1e-50 1e-50 1e-50 1e-50 1e-50 1e-50 1e-50 1e-50 1e-50 1e-50 1e-50 1e-50 1e-50 1e-50 1e-50 1e-50 1e-50 0.767082
0.00404412  300 0.00571088 2.96338e-24 1.88934e-52 1e-50 1e-50 1e-50 0.232918 1e-50 1e-50 1e-50 1e-50 1e-50 1e-50 1e-50 1e-50 1e-50 1e-50 1e-50 1e-50 1e-50 1e-50 1e-50 1e-50 1e-50 1e-50 1e-50 1e-50 1e-50 1e-50 1e-50 1e-50 1e-50 1e-50 1e-50 1e-50 1e-50 1e-50 1e-50 1e-50 1e-50 1e-50 1e-50 1e-50 1e-50 1e-50 1e-50 1e-50 1e-50 1e-50 1e-50 1e-50 1e-50 1e-50 1e-50 1e-50 1e-50 1e-50 1e-50 1e-50 1e-50 1e-50 0 1e-50 1e-50 1e-50 1e-50 1e-50 1e-50 1e-50 1e-50 1e-50 1e-50 1e-50 1e-50 1e-50 1e-50 1e-50 1e-50 1e-50 1e-50 1e-50 1e-50 1e-50 1e-50 1e-50 1e-50 1e-50 1e-50 1e-50 1e-50 0.767082
0.00477941  300 0.00571088 2.96338e-24 1.88934e-52 1e-50 1e-50 1e-50 0.232918 1e-50 1e-50 1e-50 1e-50 1e-50 1e-50 1e-50 1e-50 1e-50 1e-50 1e-50 1e-50 1e-50 1e-50 1e-50 1e-50 1e-50 1e-50 1e-50 1e-50 1e-50 1e-50 1e-50 1e-50 1e-50 1e-50 1e-50 1e-50 1e-50 1e-50 1e-50 1e-50 1e-50 1e-50 1e-50 1e-50 1e-50 1e-50 1e-50 1e-50 1e-50 1e-50 1e-50 1e-50 1e-50 1e-50 1e-50 1e-50 1e-50 1e-50 1e-50 1e-50 1e-50 1e-50 0 1e-50 1e-50 1e-50 1e-50 1e-50 1e-50 1e-50 1e-50 1e-50 1e-50 1e-50 1e-50 1e-50 1e-50 1e-50 1e-50 1e-50 1e-50 1e-50 1e-50 1e-50 1e-50 1e-50 1e-50 1e-50 1e-50 1e-50 1e-50 0.767082
0.00551471  300 0.00571088 2.96338e-24 1.88934e-52 1e-50 1e-50 1e-50 0.232918 1e-50 1e-50 1e-50 1e-50 1e-50 1e-50 1e-50 1e-50 1e-50 1e-50 1e-50 1e-50 1e-50 1e-50 1e-50 1e-50 1e-50 1e-50 1e-50 1e-50 1e-50 1e-50 1e-50 1e-50 1e-50 1e-50 1e-50 1e-50 1e-50 1e-50 1e-50 1e-50 1e-50 1e-50 1e-50 1e-50 1e-50 1e-50 1e-50 1e-50 1e-50 1e-50 1e-50 1e-50 1e-50 1e-50 1e-50 1e-50 1e-50 1e-50 1e-50 1e-50 1e-50 1e-50 0 1e-50 1e-50 1e-50 1e-50 1e-50 1e-50 1e-50 1e-50 1e-50 1e-50 1e-50 1e-50 1e-50 1e-50 1e-50 1e-50 1e-50 1e-50 1e-50 1e-50 1e-50 1e-50 1e-50 1e-50 1e-50 1e-50 1e-50 1e-50 0.767082
0.00625  300 0.00571088 2.96338e-24 1.88934e-52 1e-50 1e-50 1e-50 0.232918 1e-50 1e-50 1e-50 1e-50 1e-50 1e-50 1e-50 1e-50 1e-50 1e-50 1e-50 1e-50 1e-50 1e-50 1e-50 1e-50 1e-50 1e-50 1e-50 1e-50 1e-50 1e-50 1e-50 1e-50 1e-50 1e-50 1e-50 1e-50 1e-50 1e-50 1e-50 1e-50 1e-50 1e-50 1e-50 1e-50 1e-50 1e-50 1e-50 1e-50 1e-50 1e-50 1e-50 1e-50 1e-50 1e-50 1e-50 1e-50 1e-50 1e-50 1e-50 1e-50 1e-50 1e-50 0 1e-50 1e-50 1e-50 1e-50 1e-50 1e-50 1e-50 1e-50 1e-50 1e-50 1e-50 1e-50 1e-50 1e-50 1e-50 1e-50 1e-50 1e-50 1e-50 1e-50 1e-50 1e-50 1e-50 1e-50 1e-50 1e-50 1e-50 1e-50 0.767082
0.00698529  300 0.00571088 2.96338e-24 1.88934e-52 1e-50 1e-50 1e-50 0.232918 1e-50 1e-50 1e-50 1e-50 1e-50 1e-50 1e-50 1e-50 1e-50 1e-50 1e-50 1e-50 1e-50 1e-50 1e-50 1e-50 1e-50 1e-50 1e-50 1e-50 1e-50 1e-50 1e-50 1e-50 1e-50 1e-50 1e-50 1e-50 1e-50 1e-50 1e-50 1e-50 1e-50 1e-50 1e-50 1e-50 1e-50 1e-50 1e-50 1e-50 1e-50 1e-50 1e-50 1e-50 1e-50 1e-50 1e-50 1e-50 1e-50 1e-50 1e-50 1e-50 1e-50 1e-50 0 1e-50 1e-50 1e-50 1e-50 1e-50 1e-50 1e-50 1e-50 1e-50 1e-50 1e-50 1e-50 1e-50 1e-50 1e-50 1e-50 1e-50 1e-50 1e-50 1e-50 1e-50 1e-50 1e-50 1e-50 1e-50 1e-50 1e-50 1e-50 0.767082
0.00772059  300 0.00571088 2.96338e-24 1.88934e-52 1e-50 1e-50 1e-50 0.232918 1e-50 1e-50 1e-50 1e-50 1e-50 1e-50 1e-50 1e-50 1e-50 1e-50 1e-50 1e-50 1e-50 1e-50 1e-50 1e-50 1e-50 1e-50 1e-50 1e-50 1e-50 1e-50 1e-50 1e-50 1e-50 1e-50 1e-50 1e-50 1e-50 1e-50 1e-50 1e-50 1e-50 1e-50 1e-50 1e-50 1e-50 1e-50 1e-50 1e-50 1e-50 1e-50 1e-50 1e-50 1e-50 1e-50 1e-50 1e-50 1e-50 1e-50 1e-50 1e-50 1e-50 1e-50 0 1e-50 1e-50 1e-50 1e-50 1e-50 1e-50 1e-50 1e-50 1e-50 1e-50 1e-50 1e-50 1e-50 1e-50 1e-50 1e-50 1e-50 1e-50 1e-50 1e-50 1e-50 1e-50 1e-50 1e-50 1e-50 1e-50 1e-50 1e-50 0.767082
0.00845588  300 0.00571088 2.96338e-24 1.88934e-52 1e-50 1e-50 1e-50 0.232918 1e-50 1e-50 1e-50 1e-50 1e-50 1e-50 1e-50 1e-50 1e-50 1e-50 1e-50 1e-50 1e-50 1e-50 1e-50 1e-50 1e-50 1e-50 1e-50 1e-50 1e-50 1e-50 1e-50 1e-50 1e-50 1e-50 1e-50 1e-50 1e-50 1e-50 1e-50 1e-50 1e-50 1e-50 1e-50 1e-50 1e-50 1e-50 1e-50 1e-50 1e-50 1e-50 1e-50 1e-50 1e-50 1e-50 1e-50 1e-50 1e-50 1e-50 1e-50 1e-50 1e-50 1e-50 0 1e-50 1e-50 1e-50 1e-50 1e-50 1e-50 1e-50 1e-50 1e-50 1e-50 1e-50 1e-50 1e-50 1e-50 1e-50 1e-50 1e-50 1e-50 1e-50 1e-50 1e-50 1e-50 1e-50 1e-50 1e-50 1e-50 1e-50 1e-50 0.767082
0.00919118  300 0.00571088 2.96338e-24 1.88934e-52 1e-50 1e-50 1e-50 0.232918 1e-50 1e-50 1e-50 1e-50 1e-50 1e-50 1e-50 1e-50 1e-50 1e-50 1e-50 1e-50 1e-50 1e-50 1e-50 1e-50 1e-50 1e-50 1e-50 1e-50 1e-50 1e-50 1e-50 1e-50 1e-50 1e-50 1e-50 1e-50 1e-50 1e-50 1e-50 1e-50 1e-50 1e-50 1e-50 1e-50 1e-50 1e-50 1e-50 1e-50 1e-50 1e-50 1e-50 1e-50 1e-50 1e-50 1e-50 1e-50 1e-50 1e-50 1e-50 1e-50 1e-50 1e-50 0 1e-50 1e-50 1e-50 1e-50 1e-50 1e-50 1e-50 1e-50 1e-50 1e-50 1e-50 1e-50 1e-50 1e-50 1e-50 1e-50 1e-50 1e-50 1e-50 1e-50 1e-50 1e-50 1e-50 1e-50 1e-50 1e-50 1e-50 1e-50 0.767082
0.00992647  300 0.00571088 2.96338e-24 1.88934e-52 1e-50 1e-50 1e-50 0.232918 1e-50 1e-50 1e-50 1e-50 1e-50 1e-50 1e-50 1e-50 1e-50 1e-50 1e-50 1e-50 1e-50 1e-50 1e-50 1e-50 1e-50 1e-50 1e-50 1e-50 1e-50 1e-50 1e-50 1e-50 1e-50 1e-50 1e-50 1e-50 1e-50 1e-50 1e-50 1e-50 1e-50 1e-50 1e-50 1e-50 1e-50 1e-50 1e-50 1e-50 1e-50 1e-50 1e-50 1e-50 1e-50 1e-50 1e-50 1e-50 1e-50 1e-50 1e-50 1e-50 1e-50 1e-50 0 1e-50 1e-50 1e-50 1e-50 1e-50 1e-50 1e-50 1e-50 1e-50 1e-50 1e-50 1e-50 1e-50 1e-50 1e-50 1e-50 1e-50 1e-50 1e-50 1e-50 1e-50 1e-50 1e-50 1e-50 1e-50 1e-50 1e-50 1e-50 0.767082
0.0106618  300 0.00571088 2.96338e-24 1.88934e-52 1e-50 1e-50 1e-50 0.232918 1e-50 1e-50 1e-50 1e-50 1e-50 1e-50 1e-50 1e-50 1e-50 1e-50 1e-50 1e-50 1e-50 1e-50 1e-50 1e-50 1e-50 1e-50 1e-50 1e-50 1e-50 1e-50 1e-50 1e-50 1e-50 1e-50 1e-50 1e-50 1e-50 1e-50 1e-50 1e-50 1e-50 1e-50 1e-50 1e-50 1e-50 1e-50 1e-50 1e-50 1e-50 1e-50 1e-50 1e-50 1e-50 1e-50 1e-50 1e-50 1e-50 1e-50 1e-50 1e-50 1e-50 1e-50 0 1e-50 1e-50 1e-50 1e-50 1e-50 1e-50 1e-50 1e-50 1e-50 1e-50 1e-50 1e-50 1e-50 1e-50 1e-50 1e-50 1e-50 1e-50 1e-50 1e-50 1e-50 1e-50 1e-50 1e-50 1e-50 1e-50 1e-50 1e-50 0.767082
0.0113971  300 0.00571088 2.96338e-24 1.88934e-52 1e-50 1e-50 1e-50 0.232918 1e-50 1e-50 1e-50 1e-50 1e-50 1e-50 1e-50 1e-50 1e-50 1e-50 1e-50 1e-50 1e-50 1e-50 1e-50 1e-50 1e-50 1e-50 1e-50 1e-50 1e-50 1e-50 1e-50 1e-50 1e-50 1e-50 1e-50 1e-50 1e-50 1e-50 1e-50 1e-50 1e-50 1e-50 1e-50 1e-50 1e-50 1e-50 1e-50 1e-50 1e-50 1e-50 1e-50 1e-50 1e-50 1e-50 1e-50 1e-50 1e-50 1e-50 1e-50 1e-50 1e-50 1e-50 0 1e-50 1e-50 1e-50 1e-50 1e-50 1e-50 1e-50 1e-50 1e-50 1e-50 1e-50 1e-50 1e-50 1e-50 1e-50 1e-50 1e-50 1e-50 1e-50 1e-50 1e-50 1e-50 1e-50 1e-50 1e-50 1e-50 1e-50 1e-50 0.767082
0.0121324  300 0.00571088 2.96338e-24 1.88934e-52 1e-50 1e-50 1e-50 0.232918 1e-50 1e-50 1e-50 1e-50 1e-50 1e-50 1e-50 1e-50 1e-50 1e-50 1e-50 1e-50 1e-50 1e-50 1e-50 1e-50 1e-50 1e-50 1e-50 1e-50 1e-50 1e-50 1e-50 1e-50 1e-50 1e-50 1e-50 1e-50 1e-50 1e-50 1e-50 1e-50 1e-50 1e-50 1e-50 1e-50 1e-50 1e-50 1e-50 1e-50 1e-50 1e-50 1e-50 1e-50 1e-50 1e-50 1e-50 1e-50 1e-50 1e-50 1e-50 1e-50 1e-50 1e-50 0 1e-50 1e-50 1e-50 1e-50 1e-50 1e-50 1e-50 1e-50 1e-50 1e-50 1e-50 1e-50 1e-50 1e-50 1e-50 1e-50 1e-50 1e-50 1e-50 1e-50 1e-50 1e-50 1e-50 1e-50 1e-50 1e-50 1e-50 1e-50 0.767082
0.0128676  300 0.00571088 2.96338e-24 1.88934e-52 1e-50 1e-50 1e-50 0.232918 1e-50 1e-50 1e-50 1e-50 1e-50 1e-50 1e-50 1e-50 1e-50 1e-50 1e-50 1e-50 1e-50 1e-50 1e-50 1e-50 1e-50 1e-50 1e-50 1e-50 1e-50 1e-50 1e-50 1e-50 1e-50 1e-50 1e-50 1e-50 1e-50 1e-50 1e-50 1e-50 1e-50 1e-50 1e-50 1e-50 1e-50 1e-50 1e-50 1e-50 1e-50 1e-50 1e-50 1e-50 1e-50 1e-50 1e-50 1e-50 1e-50 1e-50 1e-50 1e-50 1e-50 1e-50 0 1e-50 1e-50 1e-50 1e-50 1e-50 1e-50 1e-50 1e-50 1e-50 1e-50 1e-50 1e-50 1e-50 1e-50 1e-50 1e-50 1e-50 1e-50 1e-50 1e-50 1e-50 1e-50 1e-50 1e-50 1e-50 1e-50 1e-50 1e-50 0.767082
0.0136029  300 0.00571088 2.96338e-24 1.88934e-52 1e-50 1e-50 1e-50 0.232918 1e-50 1e-50 1e-50 1e-50 1e-50 1e-50 1e-50 1e-50 1e-50 1e-50 1e-50 1e-50 1e-50 1e-50 1e-50 1e-50 1e-50 1e-50 1e-50 1e-50 1e-50 1e-50 1e-50 1e-50 1e-50 1e-50 1e-50 1e-50 1e-50 1e-50 1e-50 1e-50 1e-50 1e-50 1e-50 1e-50 1e-50 1e-50 1e-50 1e-50 1e-50 1e-50 1e-50 1e-50 1e-50 1e-50 1e-50 1e-50 1e-50 1e-50 1e-50 1e-50 1e-50 1e-50 0 1e-50 1e-50 1e-50 1e-50 1e-50 1e-50 1e-50 1e-50 1e-50 1e-50 1e-50 1e-50 1e-50 1e-50 1e-50 1e-50 1e-50 1e-50 1e-50 1e-50 1e-50 1e-50 1e-50 1e-50 1e-50 1e-50 1e-50 1e-50 0.767082
0.0143382  300 0.00571088 2.96338e-24 1.88934e-52 1e-50 1e-50 1e-50 0.232918 1e-50 1e-50 1e-50 1e-50 1e-50 1e-50 1e-50 1e-50 1e-50 1e-50 1e-50 1e-50 1e-50 1e-50 1e-50 1e-50 1e-50 1e-50 1e-50 1e-50 1e-50 1e-50 1e-50 1e-50 1e-50 1e-50 1e-50 1e-50 1e-50 1e-50 1e-50 1e-50 1e-50 1e-50 1e-50 1e-50 1e-50 1e-50 1e-50 1e-50 1e-50 1e-50 1e-50 1e-50 1e-50 1e-50 1e-50 1e-50 1e-50 1e-50 1e-50 1e-50 1e-50 1e-50 0 1e-50 1e-50 1e-50 1e-50 1e-50 1e-50 1e-50 1e-50 1e-50 1e-50 1e-50 1e-50 1e-50 1e-50 1e-50 1e-50 1e-50 1e-50 1e-50 1e-50 1e-50 1e-50 1e-50 1e-50 1e-50 1e-50 1e-50 1e-50 0.767082
0.0150735  300 0.00571088 2.96338e-24 1.88934e-52 1e-50 1e-50 1e-50 0.232918 1e-50 1e-50 1e-50 1e-50 1e-50 1e-50 1e-50 1e-50 1e-50 1e-50 1e-50 1e-50 1e-50 1e-50 1e-50 1e-50 1e-50 1e-50 1e-50 1e-50 1e-50 1e-50 1e-50 1e-50 1e-50 1e-50 1e-50 1e-50 1e-50 1e-50 1e-50 1e-50 1e-50 1e-50 1e-50 1e-50 1e-50 1e-50 1e-50 1e-50 1e-50 1e-50 1e-50 1e-50 1e-50 1e-50 1e-50 1e-50 1e-50 1e-50 1e-50 1e-50 1e-50 1e-50 0 1e-50 1e-50 1e-50 1e-50 1e-50 1e-50 1e-50 1e-50 1e-50 1e-50 1e-50 1e-50 1e-50 1e-50 1e-50 1e-50 1e-50 1e-50 1e-50 1e-50 1e-50 1e-50 1e-50 1e-50 1e-50 1e-50 1e-50 1e-50 0.767082
0.0158088  300 0.00571088 2.96338e-24 1.88934e-52 1e-50 1e-50 1e-50 0.232918 1e-50 1e-50 1e-50 1e-50 1e-50 1e-50 1e-50 1e-50 1e-50 1e-50 1e-50 1e-50 1e-50 1e-50 1e-50 1e-50 1e-50 1e-50 1e-50 1e-50 1e-50 1e-50 1e-50 1e-50 1e-50 1e-50 1e-50 1e-50 1e-50 1e-50 1e-50 1e-50 1e-50 1e-50 1e-50 1e-50 1e-50 1e-50 1e-50 1e-50 1e-50 1e-50 1e-50 1e-50 1e-50 1e-50 1e-50 1e-50 1e-50 1e-50 1e-50 1e-50 1e-50 1e-50 0 1e-50 1e-50 1e-50 1e-50 1e-50 1e-50 1e-50 1e-50 1e-50 1e-50 1e-50 1e-50 1e-50 1e-50 1e-50 1e-50 1e-50 1e-50 1e-50 1e-50 1e-50 1e-50 1e-50 1e-50 1e-50 1e-50 1e-50 1e-50 0.767082
0.0165441  300 0.00571088 2.96338e-24 1.88934e-52 1e-50 1e-50 1e-50 0.232918 1e-50 1e-50 1e-50 1e-50 1e-50 1e-50 1e-50 1e-50 1e-50 1e-50 1e-50 1e-50 1e-50 1e-50 1e-50 1e-50 1e-50 1e-50 1e-50 1e-50 1e-50 1e-50 1e-50 1e-50 1e-50 1e-50 1e-50 1e-50 1e-50 1e-50 1e-50 1e-50 1e-50 1e-50 1e-50 1e-50 1e-50 1e-50 1e-50 1e-50 1e-50 1e-50 1e-50 1e-50 1e-50 1e-50 1e-50 1e-50 1e-50 1e-50 1e-50 1e-50 1e-50 1e-50 0 1e-50 1e-50 1e-50 1e-50 1e-50 1e-50 1e-50 1e-50 1e-50 1e-50 1e-50 1e-50 1e-50 1e-50 1e-50 1e-50 1e-50 1e-50 1e-50 1e-50 1e-50 1e-50 1e-50 1e-50 1e-50 1e-50 1e-50 1e-50 0.767082
0.0172794  300 0.00571088 2.96338e-24 1.88934e-52 1e-50 1e-50 1e-50 0.232918 1e-50 1e-50 1e-50 1e-50 1e-50 1e-50 1e-50 1e-50 1e-50 1e-50 1e-50 1e-50 1e-50 1e-50 1e-50 1e-50 1e-50 1e-50 1e-50 1e-50 1e-50 1e-50 1e-50 1e-50 1e-50 1e-50 1e-50 1e-50 1e-50 1e-50 1e-50 1e-50 1e-50 1e-50 1e-50 1e-50 1e-50 1e-50 1e-50 1e-50 1e-50 1e-50 1e-50 1e-50 1e-50 1e-50 1e-50 1e-50 1e-50 1e-50 1e-50 1e-50 1e-50 1e-50 0 1e-50 1e-50 1e-50 1e-50 1e-50 1e-50 1e-50 1e-50 1e-50 1e-50 1e-50 1e-50 1e-50 1e-50 1e-50 1e-50 1e-50 1e-50 1e-50 1e-50 1e-50 1e-50 1e-50 1e-50 1e-50 1e-50 1e-50 1e-50 0.767082
0.0180147  300 0.00571088 2.96338e-24 1.88934e-52 1e-50 1e-50 1e-50 0.232918 1e-50 1e-50 1e-50 1e-50 1e-50 1e-50 1e-50 1e-50 1e-50 1e-50 1e-50 1e-50 1e-50 1e-50 1e-50 1e-50 1e-50 1e-50 1e-50 1e-50 1e-50 1e-50 1e-50 1e-50 1e-50 1e-50 1e-50 1e-50 1e-50 1e-50 1e-50 1e-50 1e-50 1e-50 1e-50 1e-50 1e-50 1e-50 1e-50 1e-50 1e-50 1e-50 1e-50 1e-50 1e-50 1e-50 1e-50 1e-50 1e-50 1e-50 1e-50 1e-50 1e-50 1e-50 0 1e-50 1e-50 1e-50 1e-50 1e-50 1e-50 1e-50 1e-50 1e-50 1e-50 1e-50 1e-50 1e-50 1e-50 1e-50 1e-50 1e-50 1e-50 1e-50 1e-50 1e-50 1e-50 1e-50 1e-50 1e-50 1e-50 1e-50 1e-50 0.767082
0.01875  300 0.00571088 2.96338e-24 1.88934e-52 1e-50 1e-50 1e-50 0.232918 1e-50 1e-50 1e-50 1e-50 1e-50 1e-50 1e-50 1e-50 1e-50 1e-50 1e-50 1e-50 1e-50 1e-50 1e-50 1e-50 1e-50 1e-50 1e-50 1e-50 1e-50 1e-50 1e-50 1e-50 1e-50 1e-50 1e-50 1e-50 1e-50 1e-50 1e-50 1e-50 1e-50 1e-50 1e-50 1e-50 1e-50 1e-50 1e-50 1e-50 1e-50 1e-50 1e-50 1e-50 1e-50 1e-50 1e-50 1e-50 1e-50 1e-50 1e-50 1e-50 1e-50 1e-50 0 1e-50 1e-50 1e-50 1e-50 1e-50 1e-50 1e-50 1e-50 1e-50 1e-50 1e-50 1e-50 1e-50 1e-50 1e-50 1e-50 1e-50 1e-50 1e-50 1e-50 1e-50 1e-50 1e-50 1e-50 1e-50 1e-50 1e-50 1e-50 0.767082
0.0194853  300 0.00571088 2.96338e-24 1.88934e-52 1e-50 1e-50 1e-50 0.232918 1e-50 1e-50 1e-50 1e-50 1e-50 1e-50 1e-50 1e-50 1e-50 1e-50 1e-50 1e-50 1e-50 1e-50 1e-50 1e-50 1e-50 1e-50 1e-50 1e-50 1e-50 1e-50 1e-50 1e-50 1e-50 1e-50 1e-50 1e-50 1e-50 1e-50 1e-50 1e-50 1e-50 1e-50 1e-50 1e-50 1e-50 1e-50 1e-50 1e-50 1e-50 1e-50 1e-50 1e-50 1e-50 1e-50 1e-50 1e-50 1e-50 1e-50 1e-50 1e-50 1e-50 1e-50 0 1e-50 1e-50 1e-50 1e-50 1e-50 1e-50 1e-50 1e-50 1e-50 1e-50 1e-50 1e-50 1e-50 1e-50 1e-50 1e-50 1e-50 1e-50 1e-50 1e-50 1e-50 1e-50 1e-50 1e-50 1e-50 1e-50 1e-50 1e-50 0.767082
0.0202206  300 0.00571088 2.96338e-24 1.88934e-52 1e-50 1e-50 1e-50 0.232918 1e-50 1e-50 1e-50 1e-50 1e-50 1e-50 1e-50 1e-50 1e-50 1e-50 1e-50 1e-50 1e-50 1e-50 1e-50 1e-50 1e-50 1e-50 1e-50 1e-50 1e-50 1e-50 1e-50 1e-50 1e-50 1e-50 1e-50 1e-50 1e-50 1e-50 1e-50 1e-50 1e-50 1e-50 1e-50 1e-50 1e-50 1e-50 1e-50 1e-50 1e-50 1e-50 1e-50 1e-50 1e-50 1e-50 1e-50 1e-50 1e-50 1e-50 1e-50 1e-50 1e-50 1e-50 0 1e-50 1e-50 1e-50 1e-50 1e-50 1e-50 1e-50 1e-50 1e-50 1e-50 1e-50 1e-50 1e-50 1e-50 1e-50 1e-50 1e-50 1e-50 1e-50 1e-50 1e-50 1e-50 1e-50 1e-50 1e-50 1e-50 1e-50 1e-50 0.767082
0.0209559  300 0.00571088 2.96338e-24 1.88934e-52 1e-50 1e-50 1e-50 0.232918 1e-50 1e-50 1e-50 1e-50 1e-50 1e-50 1e-50 1e-50 1e-50 1e-50 1e-50 1e-50 1e-50 1e-50 1e-50 1e-50 1e-50 1e-50 1e-50 1e-50 1e-50 1e-50 1e-50 1e-50 1e-50 1e-50 1e-50 1e-50 1e-50 1e-50 1e-50 1e-50 1e-50 1e-50 1e-50 1e-50 1e-50 1e-50 1e-50 1e-50 1e-50 1e-50 1e-50 1e-50 1e-50 1e-50 1e-50 1e-50 1e-50 1e-50 1e-50 1e-50 1e-50 1e-50 0 1e-50 1e-50 1e-50 1e-50 1e-50 1e-50 1e-50 1e-50 1e-50 1e-50 1e-50 1e-50 1e-50 1e-50 1e-50 1e-50 1e-50 1e-50 1e-50 1e-50 1e-50 1e-50 1e-50 1e-50 1e-50 1e-50 1e-50 1e-50 0.767082
0.0216912  300 0.00571088 2.96338e-24 1.88934e-52 1e-50 1e-50 1e-50 0.232918 1e-50 1e-50 1e-50 1e-50 1e-50 1e-50 1e-50 1e-50 1e-50 1e-50 1e-50 1e-50 1e-50 1e-50 1e-50 1e-50 1e-50 1e-50 1e-50 1e-50 1e-50 1e-50 1e-50 1e-50 1e-50 1e-50 1e-50 1e-50 1e-50 1e-50 1e-50 1e-50 1e-50 1e-50 1e-50 1e-50 1e-50 1e-50 1e-50 1e-50 1e-50 1e-50 1e-50 1e-50 1e-50 1e-50 1e-50 1e-50 1e-50 1e-50 1e-50 1e-50 1e-50 1e-50 0 1e-50 1e-50 1e-50 1e-50 1e-50 1e-50 1e-50 1e-50 1e-50 1e-50 1e-50 1e-50 1e-50 1e-50 1e-50 1e-50 1e-50 1e-50 1e-50 1e-50 1e-50 1e-50 1e-50 1e-50 1e-50 1e-50 1e-50 1e-50 0.767082
0.0224265  300 0.00571088 2.96338e-24 1.88934e-52 1e-50 1e-50 1e-50 0.232918 1e-50 1e-50 1e-50 1e-50 1e-50 1e-50 1e-50 1e-50 1e-50 1e-50 1e-50 1e-50 1e-50 1e-50 1e-50 1e-50 1e-50 1e-50 1e-50 1e-50 1e-50 1e-50 1e-50 1e-50 1e-50 1e-50 1e-50 1e-50 1e-50 1e-50 1e-50 1e-50 1e-50 1e-50 1e-50 1e-50 1e-50 1e-50 1e-50 1e-50 1e-50 1e-50 1e-50 1e-50 1e-50 1e-50 1e-50 1e-50 1e-50 1e-50 1e-50 1e-50 1e-50 1e-50 0 1e-50 1e-50 1e-50 1e-50 1e-50 1e-50 1e-50 1e-50 1e-50 1e-50 1e-50 1e-50 1e-50 1e-50 1e-50 1e-50 1e-50 1e-50 1e-50 1e-50 1e-50 1e-50 1e-50 1e-50 1e-50 1e-50 1e-50 1e-50 0.767082
0.0231618  300 0.00571088 2.96338e-24 1.88934e-52 1e-50 1e-50 1e-50 0.232918 1e-50 1e-50 1e-50 1e-50 1e-50 1e-50 1e-50 1e-50 1e-50 1e-50 1e-50 1e-50 1e-50 1e-50 1e-50 1e-50 1e-50 1e-50 1e-50 1e-50 1e-50 1e-50 1e-50 1e-50 1e-50 1e-50 1e-50 1e-50 1e-50 1e-50 1e-50 1e-50 1e-50 1e-50 1e-50 1e-50 1e-50 1e-50 1e-50 1e-50 1e-50 1e-50 1e-50 1e-50 1e-50 1e-50 1e-50 1e-50 1e-50 1e-50 1e-50 1e-50 1e-50 1e-50 0 1e-50 1e-50 1e-50 1e-50 1e-50 1e-50 1e-50 1e-50 1e-50 1e-50 1e-50 1e-50 1e-50 1e-50 1e-50 1e-50 1e-50 1e-50 1e-50 1e-50 1e-50 1e-50 1e-50 1e-50 1e-50 1e-50 1e-50 1e-50 0.767082
0.0238971  300 0.00571088 2.96338e-24 1.88934e-52 1e-50 1e-50 1e-50 0.232918 1e-50 1e-50 1e-50 1e-50 1e-50 1e-50 1e-50 1e-50 1e-50 1e-50 1e-50 1e-50 1e-50 1e-50 1e-50 1e-50 1e-50 1e-50 1e-50 1e-50 1e-50 1e-50 1e-50 1e-50 1e-50 1e-50 1e-50 1e-50 1e-50 1e-50 1e-50 1e-50 1e-50 1e-50 1e-50 1e-50 1e-50 1e-50 1e-50 1e-50 1e-50 1e-50 1e-50 1e-50 1e-50 1e-50 1e-50 1e-50 1e-50 1e-50 1e-50 1e-50 1e-50 1e-50 0 1e-50 1e-50 1e-50 1e-50 1e-50 1e-50 1e-50 1e-50 1e-50 1e-50 1e-50 1e-50 1e-50 1e-50 1e-50 1e-50 1e-50 1e-50 1e-50 1e-50 1e-50 1e-50 1e-50 1e-50 1e-50 1e-50 1e-50 1e-50 0.767082
0.0246324  300 0.00571088 2.96338e-24 1.88934e-52 1e-50 1e-50 1e-50 0.232918 1e-50 1e-50 1e-50 1e-50 1e-50 1e-50 1e-50 1e-50 1e-50 1e-50 1e-50 1e-50 1e-50 1e-50 1e-50 1e-50 1e-50 1e-50 1e-50 1e-50 1e-50 1e-50 1e-50 1e-50 1e-50 1e-50 1e-50 1e-50 1e-50 1e-50 1e-50 1e-50 1e-50 1e-50 1e-50 1e-50 1e-50 1e-50 1e-50 1e-50 1e-50 1e-50 1e-50 1e-50 1e-50 1e-50 1e-50 1e-50 1e-50 1e-50 1e-50 1e-50 1e-50 1e-50 0 1e-50 1e-50 1e-50 1e-50 1e-50 1e-50 1e-50 1e-50 1e-50 1e-50 1e-50 1e-50 1e-50 1e-50 1e-50 1e-50 1e-50 1e-50 1e-50 1e-50 1e-50 1e-50 1e-50 1e-50 1e-50 1e-50 1e-50 1e-50 0.767082
0.0253676  300 0.00571088 2.96338e-24 1.88934e-52 1e-50 1e-50 1e-50 0.232918 1e-50 1e-50 1e-50 1e-50 1e-50 1e-50 1e-50 1e-50 1e-50 1e-50 1e-50 1e-50 1e-50 1e-50 1e-50 1e-50 1e-50 1e-50 1e-50 1e-50 1e-50 1e-50 1e-50 1e-50 1e-50 1e-50 1e-50 1e-50 1e-50 1e-50 1e-50 1e-50 1e-50 1e-50 1e-50 1e-50 1e-50 1e-50 1e-50 1e-50 1e-50 1e-50 1e-50 1e-50 1e-50 1e-50 1e-50 1e-50 1e-50 1e-50 1e-50 1e-50 1e-50 1e-50 0 1e-50 1e-50 1e-50 1e-50 1e-50 1e-50 1e-50 1e-50 1e-50 1e-50 1e-50 1e-50 1e-50 1e-50 1e-50 1e-50 1e-50 1e-50 1e-50 1e-50 1e-50 1e-50 1e-50 1e-50 1e-50 1e-50 1e-50 1e-50 0.767082
0.0261029  300 0.00571088 2.96338e-24 1.88934e-52 1e-50 1e-50 1e-50 0.232918 1e-50 1e-50 1e-50 1e-50 1e-50 1e-50 1e-50 1e-50 1e-50 1e-50 1e-50 1e-50 1e-50 1e-50 1e-50 1e-50 1e-50 1e-50 1e-50 1e-50 1e-50 1e-50 1e-50 1e-50 1e-50 1e-50 1e-50 1e-50 1e-50 1e-50 1e-50 1e-50 1e-50 1e-50 1e-50 1e-50 1e-50 1e-50 1e-50 1e-50 1e-50 1e-50 1e-50 1e-50 1e-50 1e-50 1e-50 1e-50 1e-50 1e-50 1e-50 1e-50 1e-50 1e-50 0 1e-50 1e-50 1e-50 1e-50 1e-50 1e-50 1e-50 1e-50 1e-50 1e-50 1e-50 1e-50 1e-50 1e-50 1e-50 1e-50 1e-50 1e-50 1e-50 1e-50 1e-50 1e-50 1e-50 1e-50 1e-50 1e-50 1e-50 1e-50 0.767082
0.0268382  300 0.00571088 2.96338e-24 1.88934e-52 1e-50 1e-50 1e-50 0.232918 1e-50 1e-50 1e-50 1e-50 1e-50 1e-50 1e-50 1e-50 1e-50 1e-50 1e-50 1e-50 1e-50 1e-50 1e-50 1e-50 1e-50 1e-50 1e-50 1e-50 1e-50 1e-50 1e-50 1e-50 1e-50 1e-50 1e-50 1e-50 1e-50 1e-50 1e-50 1e-50 1e-50 1e-50 1e-50 1e-50 1e-50 1e-50 1e-50 1e-50 1e-50 1e-50 1e-50 1e-50 1e-50 1e-50 1e-50 1e-50 1e-50 1e-50 1e-50 1e-50 1e-50 1e-50 0 1e-50 1e-50 1e-50 1e-50 1e-50 1e-50 1e-50 1e-50 1e-50 1e-50 1e-50 1e-50 1e-50 1e-50 1e-50 1e-50 1e-50 1e-50 1e-50 1e-50 1e-50 1e-50 1e-50 1e-50 1e-50 1e-50 1e-50 1e-50 0.767082
0.0275735  300 0.00571088 2.96338e-24 1.88934e-52 1e-50 1e-50 1e-50 0.232918 1e-50 1e-50 1e-50 1e-50 1e-50 1e-50 1e-50 1e-50 1e-50 1e-50 1e-50 1e-50 1e-50 1e-50 1e-50 1e-50 1e-50 1e-50 1e-50 1e-50 1e-50 1e-50 1e-50 1e-50 1e-50 1e-50 1e-50 1e-50 1e-50 1e-50 1e-50 1e-50 1e-50 1e-50 1e-50 1e-50 1e-50 1e-50 1e-50 1e-50 1e-50 1e-50 1e-50 1e-50 1e-50 1e-50 1e-50 1e-50 1e-50 1e-50 1e-50 1e-50 1e-50 1e-50 0 1e-50 1e-50 1e-50 1e-50 1e-50 1e-50 1e-50 1e-50 1e-50 1e-50 1e-50 1e-50 1e-50 1e-50 1e-50 1e-50 1e-50 1e-50 1e-50 1e-50 1e-50 1e-50 1e-50 1e-50 1e-50 1e-50 1e-50 1e-50 0.767082
0.0283088  300 0.00571088 2.96338e-24 1.88934e-52 1e-50 1e-50 1e-50 0.232918 1e-50 1e-50 1e-50 1e-50 1e-50 1e-50 1e-50 1e-50 1e-50 1e-50 1e-50 1e-50 1e-50 1e-50 1e-50 1e-50 1e-50 1e-50 1e-50 1e-50 1e-50 1e-50 1e-50 1e-50 1e-50 1e-50 1e-50 1e-50 1e-50 1e-50 1e-50 1e-50 1e-50 1e-50 1e-50 1e-50 1e-50 1e-50 1e-50 1e-50 1e-50 1e-50 1e-50 1e-50 1e-50 1e-50 1e-50 1e-50 1e-50 1e-50 1e-50 1e-50 1e-50 1e-50 0 1e-50 1e-50 1e-50 1e-50 1e-50 1e-50 1e-50 1e-50 1e-50 1e-50 1e-50 1e-50 1e-50 1e-50 1e-50 1e-50 1e-50 1e-50 1e-50 1e-50 1e-50 1e-50 1e-50 1e-50 1e-50 1e-50 1e-50 1e-50 0.767082
0.0290441  300 0.00571088 2.96338e-24 1.88934e-52 1e-50 1e-50 1e-50 0.232918 1e-50 1e-50 1e-50 1e-50 1e-50 1e-50 1e-50 1e-50 1e-50 1e-50 1e-50 1e-50 1e-50 1e-50 1e-50 1e-50 1e-50 1e-50 1e-50 1e-50 1e-50 1e-50 1e-50 1e-50 1e-50 1e-50 1e-50 1e-50 1e-50 1e-50 1e-50 1e-50 1e-50 1e-50 1e-50 1e-50 1e-50 1e-50 1e-50 1e-50 1e-50 1e-50 1e-50 1e-50 1e-50 1e-50 1e-50 1e-50 1e-50 1e-50 1e-50 1e-50 1e-50 1e-50 0 1e-50 1e-50 1e-50 1e-50 1e-50 1e-50 1e-50 1e-50 1e-50 1e-50 1e-50 1e-50 1e-50 1e-50 1e-50 1e-50 1e-50 1e-50 1e-50 1e-50 1e-50 1e-50 1e-50 1e-50 1e-50 1e-50 1e-50 1e-50 0.767082
0.0297794  300 0.00571088 2.96338e-24 1.88934e-52 1e-50 1e-50 1e-50 0.232918 1e-50 1e-50 1e-50 1e-50 1e-50 1e-50 1e-50 1e-50 1e-50 1e-50 1e-50 1e-50 1e-50 1e-50 1e-50 1e-50 1e-50 1e-50 1e-50 1e-50 1e-50 1e-50 1e-50 1e-50 1e-50 1e-50 1e-50 1e-50 1e-50 1e-50 1e-50 1e-50 1e-50 1e-50 1e-50 1e-50 1e-50 1e-50 1e-50 1e-50 1e-50 1e-50 1e-50 1e-50 1e-50 1e-50 1e-50 1e-50 1e-50 1e-50 1e-50 1e-50 1e-50 1e-50 0 1e-50 1e-50 1e-50 1e-50 1e-50 1e-50 1e-50 1e-50 1e-50 1e-50 1e-50 1e-50 1e-50 1e-50 1e-50 1e-50 1e-50 1e-50 1e-50 1e-50 1e-50 1e-50 1e-50 1e-50 1e-50 1e-50 1e-50 1e-50 0.767082
0.0305147  300 0.00571088 2.96338e-24 1.88934e-52 1e-50 1e-50 1e-50 0.232918 1e-50 1e-50 1e-50 1e-50 1e-50 1e-50 1e-50 1e-50 1e-50 1e-50 1e-50 1e-50 1e-50 1e-50 1e-50 1e-50 1e-50 1e-50 1e-50 1e-50 1e-50 1e-50 1e-50 1e-50 1e-50 1e-50 1e-50 1e-50 1e-50 1e-50 1e-50 1e-50 1e-50 1e-50 1e-50 1e-50 1e-50 1e-50 1e-50 1e-50 1e-50 1e-50 1e-50 1e-50 1e-50 1e-50 1e-50 1e-50 1e-50 1e-50 1e-50 1e-50 1e-50 1e-50 0 1e-50 1e-50 1e-50 1e-50 1e-50 1e-50 1e-50 1e-50 1e-50 1e-50 1e-50 1e-50 1e-50 1e-50 1e-50 1e-50 1e-50 1e-50 1e-50 1e-50 1e-50 1e-50 1e-50 1e-50 1e-50 1e-50 1e-50 1e-50 0.767082
0.03125  300 0.00571088 2.96338e-24 1.88934e-52 1e-50 1e-50 1e-50 0.232918 1e-50 1e-50 1e-50 1e-50 1e-50 1e-50 1e-50 1e-50 1e-50 1e-50 1e-50 1e-50 1e-50 1e-50 1e-50 1e-50 1e-50 1e-50 1e-50 1e-50 1e-50 1e-50 1e-50 1e-50 1e-50 1e-50 1e-50 1e-50 1e-50 1e-50 1e-50 1e-50 1e-50 1e-50 1e-50 1e-50 1e-50 1e-50 1e-50 1e-50 1e-50 1e-50 1e-50 1e-50 1e-50 1e-50 1e-50 1e-50 1e-50 1e-50 1e-50 1e-50 1e-50 1e-50 0 1e-50 1e-50 1e-50 1e-50 1e-50 1e-50 1e-50 1e-50 1e-50 1e-50 1e-50 1e-50 1e-50 1e-50 1e-50 1e-50 1e-50 1e-50 1e-50 1e-50 1e-50 1e-50 1e-50 1e-50 1e-50 1e-50 1e-50 1e-50 0.767082
0.0319853  300 0.00571088 2.96338e-24 1.88934e-52 1e-50 1e-50 1e-50 0.232918 1e-50 1e-50 1e-50 1e-50 1e-50 1e-50 1e-50 1e-50 1e-50 1e-50 1e-50 1e-50 1e-50 1e-50 1e-50 1e-50 1e-50 1e-50 1e-50 1e-50 1e-50 1e-50 1e-50 1e-50 1e-50 1e-50 1e-50 1e-50 1e-50 1e-50 1e-50 1e-50 1e-50 1e-50 1e-50 1e-50 1e-50 1e-50 1e-50 1e-50 1e-50 1e-50 1e-50 1e-50 1e-50 1e-50 1e-50 1e-50 1e-50 1e-50 1e-50 1e-50 1e-50 1e-50 0 1e-50 1e-50 1e-50 1e-50 1e-50 1e-50 1e-50 1e-50 1e-50 1e-50 1e-50 1e-50 1e-50 1e-50 1e-50 1e-50 1e-50 1e-50 1e-50 1e-50 1e-50 1e-50 1e-50 1e-50 1e-50 1e-50 1e-50 1e-50 0.767082
0.0327206  300 0.00571088 2.96338e-24 1.88934e-52 1e-50 1e-50 1e-50 0.232918 1e-50 1e-50 1e-50 1e-50 1e-50 1e-50 1e-50 1e-50 1e-50 1e-50 1e-50 1e-50 1e-50 1e-50 1e-50 1e-50 1e-50 1e-50 1e-50 1e-50 1e-50 1e-50 1e-50 1e-50 1e-50 1e-50 1e-50 1e-50 1e-50 1e-50 1e-50 1e-50 1e-50 1e-50 1e-50 1e-50 1e-50 1e-50 1e-50 1e-50 1e-50 1e-50 1e-50 1e-50 1e-50 1e-50 1e-50 1e-50 1e-50 1e-50 1e-50 1e-50 1e-50 1e-50 0 1e-50 1e-50 1e-50 1e-50 1e-50 1e-50 1e-50 1e-50 1e-50 1e-50 1e-50 1e-50 1e-50 1e-50 1e-50 1e-50 1e-50 1e-50 1e-50 1e-50 1e-50 1e-50 1e-50 1e-50 1e-50 1e-50 1e-50 1e-50 0.767082
0.0334559  300 0.00571088 2.96338e-24 1.88934e-52 1e-50 1e-50 1e-50 0.232918 1e-50 1e-50 1e-50 1e-50 1e-50 1e-50 1e-50 1e-50 1e-50 1e-50 1e-50 1e-50 1e-50 1e-50 1e-50 1e-50 1e-50 1e-50 1e-50 1e-50 1e-50 1e-50 1e-50 1e-50 1e-50 1e-50 1e-50 1e-50 1e-50 1e-50 1e-50 1e-50 1e-50 1e-50 1e-50 1e-50 1e-50 1e-50 1e-50 1e-50 1e-50 1e-50 1e-50 1e-50 1e-50 1e-50 1e-50 1e-50 1e-50 1e-50 1e-50 1e-50 1e-50 1e-50 0 1e-50 1e-50 1e-50 1e-50 1e-50 1e-50 1e-50 1e-50 1e-50 1e-50 1e-50 1e-50 1e-50 1e-50 1e-50 1e-50 1e-50 1e-50 1e-50 1e-50 1e-50 1e-50 1e-50 1e-50 1e-50 1e-50 1e-50 1e-50 0.767082
0.0341912  300 0.00571088 2.96338e-24 1.88934e-52 1e-50 1e-50 1e-50 0.232918 1e-50 1e-50 1e-50 1e-50 1e-50 1e-50 1e-50 1e-50 1e-50 1e-50 1e-50 1e-50 1e-50 1e-50 1e-50 1e-50 1e-50 1e-50 1e-50 1e-50 1e-50 1e-50 1e-50 1e-50 1e-50 1e-50 1e-50 1e-50 1e-50 1e-50 1e-50 1e-50 1e-50 1e-50 1e-50 1e-50 1e-50 1e-50 1e-50 1e-50 1e-50 1e-50 1e-50 1e-50 1e-50 1e-50 1e-50 1e-50 1e-50 1e-50 1e-50 1e-50 1e-50 1e-50 0 1e-50 1e-50 1e-50 1e-50 1e-50 1e-50 1e-50 1e-50 1e-50 1e-50 1e-50 1e-50 1e-50 1e-50 1e-50 1e-50 1e-50 1e-50 1e-50 1e-50 1e-50 1e-50 1e-50 1e-50 1e-50 1e-50 1e-50 1e-50 0.767082
0.0349265  300 0.00571088 2.96338e-24 1.88934e-52 1e-50 1e-50 1e-50 0.232918 1e-50 1e-50 1e-50 1e-50 1e-50 1e-50 1e-50 1e-50 1e-50 1e-50 1e-50 1e-50 1e-50 1e-50 1e-50 1e-50 1e-50 1e-50 1e-50 1e-50 1e-50 1e-50 1e-50 1e-50 1e-50 1e-50 1e-50 1e-50 1e-50 1e-50 1e-50 1e-50 1e-50 1e-50 1e-50 1e-50 1e-50 1e-50 1e-50 1e-50 1e-50 1e-50 1e-50 1e-50 1e-50 1e-50 1e-50 1e-50 1e-50 1e-50 1e-50 1e-50 1e-50 1e-50 0 1e-50 1e-50 1e-50 1e-50 1e-50 1e-50 1e-50 1e-50 1e-50 1e-50 1e-50 1e-50 1e-50 1e-50 1e-50 1e-50 1e-50 1e-50 1e-50 1e-50 1e-50 1e-50 1e-50 1e-50 1e-50 1e-50 1e-50 1e-50 0.767082
0.0356618  300 0.00571088 2.96338e-24 1.88934e-52 1e-50 1e-50 1e-50 0.232918 1e-50 1e-50 1e-50 1e-50 1e-50 1e-50 1e-50 1e-50 1e-50 1e-50 1e-50 1e-50 1e-50 1e-50 1e-50 1e-50 1e-50 1e-50 1e-50 1e-50 1e-50 1e-50 1e-50 1e-50 1e-50 1e-50 1e-50 1e-50 1e-50 1e-50 1e-50 1e-50 1e-50 1e-50 1e-50 1e-50 1e-50 1e-50 1e-50 1e-50 1e-50 1e-50 1e-50 1e-50 1e-50 1e-50 1e-50 1e-50 1e-50 1e-50 1e-50 1e-50 1e-50 1e-50 0 1e-50 1e-50 1e-50 1e-50 1e-50 1e-50 1e-50 1e-50 1e-50 1e-50 1e-50 1e-50 1e-50 1e-50 1e-50 1e-50 1e-50 1e-50 1e-50 1e-50 1e-50 1e-50 1e-50 1e-50 1e-50 1e-50 1e-50 1e-50 0.767082
0.0363971  300 0.00571088 2.96338e-24 1.88934e-52 1e-50 1e-50 1e-50 0.232918 1e-50 1e-50 1e-50 1e-50 1e-50 1e-50 1e-50 1e-50 1e-50 1e-50 1e-50 1e-50 1e-50 1e-50 1e-50 1e-50 1e-50 1e-50 1e-50 1e-50 1e-50 1e-50 1e-50 1e-50 1e-50 1e-50 1e-50 1e-50 1e-50 1e-50 1e-50 1e-50 1e-50 1e-50 1e-50 1e-50 1e-50 1e-50 1e-50 1e-50 1e-50 1e-50 1e-50 1e-50 1e-50 1e-50 1e-50 1e-50 1e-50 1e-50 1e-50 1e-50 1e-50 1e-50 0 1e-50 1e-50 1e-50 1e-50 1e-50 1e-50 1e-50 1e-50 1e-50 1e-50 1e-50 1e-50 1e-50 1e-50 1e-50 1e-50 1e-50 1e-50 1e-50 1e-50 1e-50 1e-50 1e-50 1e-50 1e-50 1e-50 1e-50 1e-50 0.767082
0.0371324  300 0.00571088 2.96338e-24 1.88934e-52 1e-50 1e-50 1e-50 0.232918 1e-50 1e-50 1e-50 1e-50 1e-50 1e-50 1e-50 1e-50 1e-50 1e-50 1e-50 1e-50 1e-50 1e-50 1e-50 1e-50 1e-50 1e-50 1e-50 1e-50 1e-50 1e-50 1e-50 1e-50 1e-50 1e-50 1e-50 1e-50 1e-50 1e-50 1e-50 1e-50 1e-50 1e-50 1e-50 1e-50 1e-50 1e-50 1e-50 1e-50 1e-50 1e-50 1e-50 1e-50 1e-50 1e-50 1e-50 1e-50 1e-50 1e-50 1e-50 1e-50 1e-50 1e-50 0 1e-50 1e-50 1e-50 1e-50 1e-50 1e-50 1e-50 1e-50 1e-50 1e-50 1e-50 1e-50 1e-50 1e-50 1e-50 1e-50 1e-50 1e-50 1e-50 1e-50 1e-50 1e-50 1e-50 1e-50 1e-50 1e-50 1e-50 1e-50 0.767082
0.0375  307.84 0.00571088 2.96338e-24 1.88934e-52 1e-50 1e-50 1e-50 0.232918 1e-50 1e-50 1e-50 1e-50 1e-50 1e-50 1e-50 1e-50 1e-50 1e-50 1e-50 1e-50 1e-50 1e-50 1e-50 1e-50 1e-50 1e-50 1e-50 1e-50 1e-50 1e-50 1e-50 1e-50 1e-50 1e-50 1e-50 1e-50 1e-50 1e-50 1e-50 1e-50 1e-50 1e-50 1e-50 1e-50 1e-50 1e-50 1e-50 1e-50 1e-50 1e-50 1e-50 1e-50 1e-50 1e-50 1e-50 1e-50 1e-50 1e-50 1e-50 1e-50 1e-50 1e-50 0 1e-50 1e-50 1e-50 1e-50 1e-50 1e-50 1e-50 1e-50 1e-50 1e-50 1e-50 1e-50 1e-50 1e-50 1e-50 1e-50 1e-50 1e-50 1e-50 1e-50 1e-50 1e-50 1e-50 1e-50 1e-50 1e-50 1e-50 1e-50 0.767082
0.0378676  322.634 0.005449 1.15155 1.88934e-52 1e-50 1e-50 1e-50 0.232918 1e-50 1e-50 1e-50 1e-50 1e-50 1e-50 1e-50 1e-50 1e-50 1e-50 1e-50 1e-50 1e-50 1e-50 1e-50 1e-50 1e-50 1e-50 1e-50 1e-50 1e-50 1e-50 1e-50 1e-50 1e-50 1e-50 1e-50 1e-50 1e-50 1e-50 1e-50 1e-50 1e-50 1e-50 1e-50 1e-50 1e-50 1e-50 1e-50 1e-50 1e-50 1e-50 1e-50 1e-50 1e-50 1e-50 1e-50 1e-50 1e-50 1e-50 1e-50 1e-50 1e-50 1e-50 5.65853e-52 1e-50 1e-50 1e-50 1e-50 1e-50 1e-50 1e-50 1e-50 1e-50 1e-50 1e-50 1e-50 1e-50 1e-50 1e-50 1e-50 1e-50 1e-50 1e-50 1e-50 1e-50 1e-50 1e-50 1e-50 1e-50 1e-50 1e-50 1e-50 0.767082
0.0386029  366.351 0.00479877 1.77172 1.88934e-52 1e-50 1e-50 1e-50 0.232918 1e-50 1e-50 1e-50 1e-50 1e-50 1e-50 1e-50 1e-50 1e-50 1e-50 1e-50 1e-50 1e-50 1e-50 1e-50 1e-50 1e-50 1e-50 1e-50 1e-50 1e-50 1e-50 1e-50 1e-50 1e-50 1e-50 1e-50 1e-50 1e-50 1e-50 1e-50 1e-50 1e-50 1e-50 1e-50 1e-50 1e-50 1e-50 1e-50 1e-50 1e-50 1e-50 1e-50 1e-50 1e-50 1e-50 1e-50 1e-50 1e-50 1e-50 1e-50 1e-50 1e-50 1e-50 1.65877e-51 1e-50 1e-50 1e-50 1e-50 1e-50 1e-50 1e-50 1e-50 1e-50 1e-50 1e-50 1e-50 1e-50 1e-50 1e-50 1e-50 1e-50 1e-50 1e-50 1e-50 1e-50 1e-50 1e-50 1e-50 1e-50 1e-50 1e-50 1e-50 0.767082
0.0393382  407.684 0.00431224 2.16197 1.88934e-52 1e-50 1e-50 1e-50 0.232918 1e-50 1e-50 1e-50 1e-50 1e-50 1e-50 1e-50 1e-50 1e-50 1e-50 1e-50 1e-50 1e-50 1e-50 1e-50 1e-50 1e-50 1e-50 1e-50 1e-50 1e-50 1e-50 1e-50 1e-50 1e-50 1e-50 1e-50 1e-50 1e-50 1e-50 1e-50 1e-50 1e-50 1e-50 1e-50 1e-50 1e-50 1e-50 1e-50 1e-50 1e-50 1e-50 1e-50 1e-50 1e-50 1e-50 1e-50 1e-50 1e-50 1e-50 1e-50 1e-50 1e-50 1e-50 2.69211e-51 1e-50 1e-50 1e-50 1e-50 1e-50 1e-50 1e-50 1e-50 1e-50 1e-50 1e-50 1e-50 1e-50 1e-50 1e-50 1e-50 1e-50 1e-50 1e-50 1e-50 1e-50 1e-50 1e-50 1e-50 1e-50 1e-50 1e-50 1e-50 0.767082
0.0400735  446.309 0.00393905 2.32139 1.88934e-52 1e-50 1e-50 1e-50 0.232918 1e-50 1e-50 1e-50 1e-50 1e-50 1e-50 1e-50 1e-50 1e-50 1e-50 1e-50 1e-50 1e-50 1e-50 1e-50 1e-50 1e-50 1e-50 1e-50 1e-50 1e-50 1e-50 1e-50 1e-50 1e-50 1e-50 1e-50 1e-50 1e-50 1e-50 1e-50 1e-50 1e-50 1e-50 1e-50 1e-50 1e-50 1e-50 1e-50 1e-50 1e-50 1e-50 1e-50 1e-50 1e-50 1e-50 1e-50 1e-50 1e-50 1e-50 1e-50 1e-50 1e-50 1e-50 3.65774e-51 1e-50 1e-50 1e-50 1e-50 1e-50 1e-50 1e-50 1e-50 1e-50 1e-50 1e-50 1e-50 1e-50 1e-50 1e-50 1e-50 1e-50 1e-50 1e-50 1e-50 1e-50 1e-50 1e-50 1e-50 1e-50 1e-50 1e-50 1e-50 0.767082
0.0408088  481.972 0.00364759 2.26516 1.88934e-52 1e-50 1e-50 1e-50 0.232918 1e-50 1e-50 1e-50 1e-50 1e-50 1e-50 1e-50 1e-50 1e-50 1e-50 1e-50 1e-50 1e-50 1e-50 1e-50 1e-50 1e-50 1e-50 1e-50 1e-50 1e-50 1e-50 1e-50 1e-50 1e-50 1e-50 1e-50 1e-50 1e-50 1e-50 1e-50 1e-50 1e-50 1e-50 1e-50 1e-50 1e-50 1e-50 1e-50 1e-50 1e-50 1e-50 1e-50 1e-50 1e-50 1e-50 1e-50 1e-50 1e-50 1e-50 1e-50 1e-50 1e-50 1e-50 4.5493e-51 1e-50 1e-50 1e-50 1e-50 1e-50 1e-50 1e-50 1e-50 1e-50 1e-50 1e-50 1e-50 1e-50 1e-50 1e-50 1e-50 1e-50 1e-50 1e-50 1e-50 1e-50 1e-50 1e-50 1e-50 1e-50 1e-50 1e-50 1e-50 0.767082
0.0415441  514.498 0.00341699 2.02081 1.88934e-52 1e-50 1e-50 1e-50 0.232918 1e-50 1e-50 1e-50 1e-50 1e-50 1e-50 1e-50 1e-50 1e-50 1e-50 1e-50 1e-50 1e-50 1e-50 1e-50 1e-50 1e-50 1e-50 1e-50 1e-50 1e-50 1e-50 1e-50 1e-50 1e-50 1e-50 1e-50 1e-50 1e-50 1e-50 1e-50 1e-50 1e-50 1e-50 1e-50 1e-50 1e-50 1e-50 1e-50 1e-50 1e-50 1e-50 1e-50 1e-50 1e-50 1e-50 1e-50 1e-50 1e-50 1e-50 1e-50 1e-50 1e-50 1e-50 5.36244e-51 1e-50 1e-50 1e-50 1e-50 1e-50 1e-50 1e-50 1e-50 1e-50 1e-50 1e-50 1e-50 1e-50 1e-50 1e-50 1e-50 1e-50 1e-50 1e-50 1e-50 1e-50 1e-50 1e-50 1e-50 1e-50 1e-50 1e-50 1e-50 0.767082
0.0422794  543.793 0.00323291 1.62425 1.88934e-52 1e-50 1e-50 1e-50 0.232918 1e-50 1e-50 1e-50 1e-50 1e-50 1e-50 1e-50 1e-50 1e-50 1e-50 1e-50 1e-50 1e-50 1e-50 1e-50 1e-50 1e-50 1e-50 1e-50 1e-50 1e-50 1e-50 1e-50 1e-50 1e-50 1e-50 1e-50 1e-50 1e-50 1e-50 1e-50 1e-50 1e-50 1e-50 1e-50 1e-50 1e-50 1e-50 1e-50 1e-50 1e-50 1e-50 1e-50 1e-50 1e-50 1e-50 1e-50 1e-50 1e-50 1e-50 1e-50 1e-50 1e-50 1e-50 6.09482e-51 1e-50 1e-50 1e-50 1e-50 1e-50 1e-50 1e-50 1e-50 1e-50 1e-50 1e-50 1e-50 1e-50 1e-50 1e-50 1e-50 1e-50 1e-50 1e-50 1e-50 1e-50 1e-50 1e-50 1e-50 1e-50 1e-50 1e-50 1e-50 0.767082
0.0430147  569.846 0.00308511 1.11571 1.88934e-52 1e-50 1e-50 1e-50 0.232918 1e-50 1e-50 1e-50 1e-50 1e-50 1e-50 1e-50 1e-50 1e-50 1e-50 1e-50 1e-50 1e-50 1e-50 1e-50 1e-50 1e-50 1e-50 1e-50 1e-50 1e-50 1e-50 1e-50 1e-50 1e-50 1e-50 1e-50 1e-50 1e-50 1e-50 1e-50 1e-50 1e-50 1e-50 1e-50 1e-50 1e-50 1e-50 1e-50 1e-50 1e-50 1e-50 1e-50 1e-50 1e-50 1e-50 1e-50 1e-50 1e-50 1e-50 1e-50 1e-50 1e-50 1e-50 6.74615e-51 1e-50 1e-50 1e-50 1e-50 1e-50 1e-50 1e-50 1e-50 1e-50 1e-50 1e-50 1e-50 1e-50 1e-50 1e-50 1e-50 1e-50 1e-50 1e-50 1e-50 1e-50 1e-50 1e-50 1e-50 1e-50 1e-50 1e-50 1e-50 0.767082
0.04375  592.719 0.00296605 0.536077 1.88934e-52 1e-50 1e-50 1e-50 0.232918 1e-50 1e-50 1e-50 1e-50 1e-50 1e-50 1e-50 1e-50 1e-50 1e-50 1e-50 1e-50 1e-50 1e-50 1e-50 1e-50 1e-50 1e-50 1e-50 1e-50 1e-50 1e-50 1e-50 1e-50 1e-50 1e-50 1e-50 1e-50 1e-50 1e-50 1e-50 1e-50 1e-50 1e-50 1e-50 1e-50 1e-50 1e-50 1e-50 1e-50 1e-50 1e-50 1e-50 1e-50 1e-50 1e-50 1e-50 1e-50 1e-50 1e-50 1e-50 1e-50 1e-50 1e-50 7.31798e-51 1e-50 1e-50 1e-50 1e-50 1e-50 1e-50 1e-50 1e-50 1e-50 1e-50 1e-50 1e-50 1e-50 1e-50 1e-50 1e-50 1e-50 1e-50 1e-50 1e-50 1e-50 1e-50 1e-50 1e-50 1e-50 1e-50 1e-50 1e-50 0.767082
0.0444853  612.542 0.00287006 -0.076277 1.88934e-52 1e-50 1e-50 1e-50 0.232918 1e-50 1e-50 1e-50 1e-50 1e-50 1e-50 1e-50 1e-50 1e-50 1e-50 1e-50 1e-50 1e-50 1e-50 1e-50 1e-50 1e-50 1e-50 1e-50 1e-50 1e-50 1e-50 1e-50 1e-50 1e-50 1e-50 1e-50 1e-50 1e-50 1e-50 1e-50 1e-50 1e-50 1e-50 1e-50 1e-50 1e-50 1e-50 1e-50 1e-50 1e-50 1e-50 1e-50 1e-50 1e-50 1e-50 1e-50 1e-50 1e-50 1e-50 1e-50 1e-50 1e-50 1e-50 7.81355e-51 1e-50 1e-50 1e-50 1e-50 1e-50 1e-50 1e-50 1e-50 1e-50 1e-50 1e-50 1e-50 1e-50 1e-50 1e-50 1e-50 1e-50 1e-50 1e-50 1e-50 1e-50 1e-50 1e-50 1e-50 1e-50 1e-50 1e-50 1e-50 0.767082
0.0452206  629.497 0.00279276 -0.687768 1.88934e-52 1e-50 1e-50 1e-50 0.232918 1e-50 1e-50 1e-50 1e-50 1e-50 1e-50 1e-50 1e-50 1e-50 1e-50 1e-50 1e-50 1e-50 1e-50 1e-50 1e-50 1e-50 1e-50 1e-50 1e-50 1e-50 1e-50 1e-50 1e-50 1e-50 1e-50 1e-50 1e-50 1e-50 1e-50 1e-50 1e-50 1e-50 1e-50 1e-50 1e-50 1e-50 1e-50 1e-50 1e-50 1e-50 1e-50 1e-50 1e-50 1e-50 1e-50 1e-50 1e-50 1e-50 1e-50 1e-50 1e-50 1e-50 1e-50 8.23743e-51 1e-50 1e-50 1e-50 1e-50 1e-50 1e-50 1e-50 1e-50 1e-50 1e-50 1e-50 1e-50 1e-50 1e-50 1e-50 1e-50 1e-50 1e-50 1e-50 1e-50 1e-50 1e-50 1e-50 1e-50 1e-50 1e-50 1e-50 1e-50 0.767082
0.0459559  643.81 0.00273067 -1.27108 1.88934e-52 1e-50 1e-50 1e-50 0.232918 1e-50 1e-50 1e-50 1e-50 1e-50 1e-50 1e-50 1e-50 1e-50 1e-50 1e-50 1e-50 1e-50 1e-50 1e-50 1e-50 1e-50 1e-50 1e-50 1e-50 1e-50 1e-50 1e-50 1e-50 1e-50 1e-50 1e-50 1e-50 1e-50 1e-50 1e-50 1e-50 1e-50 1e-50 1e-50 1e-50 1e-50 1e-50 1e-50 1e-50 1e-50 1e-50 1e-50 1e-50 1e-50 1e-50 1e-50 1e-50 1e-50 1e-50 1e-50 1e-50 1e-50 1e-50 8.59524e-51 1e-50 1e-50 1e-50 1e-50 1e-50 1e-50 1e-50 1e-50 1e-50 1e-50 1e-50 1e-50 1e-50 1e-50 1e-50 1e-50 1e-50 1e-50 1e-50 1e-50 1e-50 1e-50 1e-50 1e-50 1e-50 1e-50 1e-50 1e-50 0.767082
0.0466912  655.731 0.00268103 -1.80578 1.88934e-52 1e-50 1e-50 1e-50 0.232918 1e-50 1e-50 1e-50 1e-50 1e-50 1e-50 1e-50 1e-50 1e-50 1e-50 1e-50 1e-50 1e-50 1e-50 1e-50 1e-50 1e-50 1e-50 1e-50 1e-50 1e-50 1e-50 1e-50 1e-50 1e-50 1e-50 1e-50 1e-50 1e-50 1e-50 1e-50 1e-50 1e-50 1e-50 1e-50 1e-50 1e-50 1e-50 1e-50 1e-50 1e-50 1e-50 1e-50 1e-50 1e-50 1e-50 1e-50 1e-50 1e-50 1e-50 1e-50 1e-50 1e-50 1e-50 8.89329e-51 1e-50 1e-50 1e-50 1e-50 1e-50 1e-50 1e-50 1e-50 1e-50 1e-50 1e-50 1e-50 1e-50 1e-50 1e-50 1e-50 1e-50 1e-50 1e-50 1e-50 1e-50 1e-50 1e-50 1e-50 1e-50 1e-50 1e-50 1e-50 0.767082
0.0474265  665.53 0.00264156 -2.27828 1.88934e-52 1e-50 1e-50 1e-50 0.232918 1e-50 1e-50 1e-50 1e-50 1e-50 1e-50 1e-50 1e-50 1e-50 1e-50 1e-50 1e-50 1e-50 1e-50 1e-50 1e-50 1e-50 1e-50 1e-50 1e-50 1e-50 1e-50 1e-50 1e-50 1e-50 1e-50 1e-50 1e-50 1e-50 1e-50 1e-50 1e-50 1e-50 1e-50 1e-50 1e-50 1e-50 1e-50 1e-50 1e-50 1e-50 1e-50 1e-50 1e-50 1e-50 1e-50 1e-50 1e-50 1e-50 1e-50 1e-50 1e-50 1e-50 1e-50 9.13825e-51 1e-50 1e-50 1e-50 1e-50 1e-50 1e-50 1e-50 1e-50 1e-50 1e-50 1e-50 1e-50 1e-50 1e-50 1e-50 1e-50 1e-50 1e-50 1e-50 1e-50 1e-50 1e-50 1e-50 1e-50 1e-50 1e-50 1e-50 1e-50 0.767082
0.0481618  673.476 0.00261039 -2.6812 1.88934e-52 1e-50 1e-50 1e-50 0.232918 1e-50 1e-50 1e-50 1e-50 1e-50 1e-50 1e-50 1e-50 1e-50 1e-50 1e-50 1e-50 1e-50 1e-50 1e-50 1e-50 1e-50 1e-50 1e-50 1e-50 1e-50 1e-50 1e-50 1e-50 1e-50 1e-50 1e-50 1e-50 1e-50 1e-50 1e-50 1e-50 1e-50 1e-50 1e-50 1e-50 1e-50 1e-50 1e-50 1e-50 1e-50 1e-50 1e-50 1e-50 1e-50 1e-50 1e-50 1e-50 1e-50 1e-50 1e-50 1e-50 1e-50 1e-50 9.33691e-51 1e-50 1e-50 1e-50 1e-50 1e-50 1e-50 1e-50 1e-50 1e-50 1e-50 1e-50 1e-50 1e-50 1e-50 1e-50 1e-50 1e-50 1e-50 1e-50 1e-50 1e-50 1e-50 1e-50 1e-50 1e-50 1e-50 1e-50 1e-50 0.767082
0.0488971  679.834 0.00258598 -3.01243 1.88934e-52 1e-50 1e-50 1e-50 0.232918 1e-50 1e-50 1e-50 1e-50 1e-50 1e-50 1e-50 1e-50 1e-50 1e-50 1e-50 1e-50 1e-50 1e-50 1e-50 1e-50 1e-50 1e-50 1e-50 1e-50 1e-50 1e-50 1e-50 1e-50 1e-50 1e-50 1e-50 1e-50 1e-50 1e-50 1e-50 1e-50 1e-50 1e-50 1e-50 1e-50 1e-50 1e-50 1e-50 1e-50 1e-50 1e-50 1e-50 1e-50 1e-50 1e-50 1e-50 1e-50 1e-50 1e-50 1e-50 1e-50 1e-50 1e-50 9.49586e-51 1e-50 1e-50 1e-50 1e-50 1e-50 1e-50 1e-50 1e-50 1e-50 1e-50 1e-50 1e-50 1e-50 1e-50 1e-50 1e-50 1e-50 1e-50 1e-50 1e-50 1e-50 1e-50 1e-50 1e-50 1e-50 1e-50 1e-50 1e-50 0.767082
0.0496324  684.853 0.00256703 -3.27397 1.88934e-52 1e-50 1e-50 1e-50 0.232918 1e-50 1e-50 1e-50 1e-50 1e-50 1e-50 1e-50 1e-50 1e-50 1e-50 1e-50 1e-50 1e-50 1e-50 1e-50 1e-50 1e-50 1e-50 1e-50 1e-50 1e-50 1e-50 1e-50 1e-50 1e-50 1e-50 1e-50 1e-50 1e-50 1e-50 1e-50 1e-50 1e-50 1e-50 1e-50 1e-50 1e-50 1e-50 1e-50 1e-50 1e-50 1e-50 1e-50 1e-50 1e-50 1e-50 1e-50 1e-50 1e-50 1e-50 1e-50 1e-50 1e-50 1e-50 9.62132e-51 1e-50 1e-50 1e-50 1e-50 1e-50 1e-50 1e-50 1e-50 1e-50 1e-50 1e-50 1e-50 1e-50 1e-50 1e-50 1e-50 1e-50 1e-50 1e-50 1e-50 1e-50 1e-50 1e-50 1e-50 1e-50 1e-50 1e-50 1e-50 0.767082
0.0503676  688.761 0.00255246 -3.47083 1.88934e-52 1e-50 1e-50 1e-50 0.232918 1e-50 1e-50 1e-50 1e-50 1e-50 1e-50 1e-50 1e-50 1e-50 1e-50 1e-50 1e-50 1e-50 1e-50 1e-50 1e-50 1e-50 1e-50 1e-50 1e-50 1e-50 1e-50 1e-50 1e-50 1e-50 1e-50 1e-50 1e-50 1e-50 1e-50 1e-50 1e-50 1e-50 1e-50 1e-50 1e-50 1e-50 1e-50 1e-50 1e-50 1e-50 1e-50 1e-50 1e-50 1e-50 1e-50 1e-50 1e-50 1e-50 1e-50 1e-50 1e-50 1e-50 1e-50 9.71901e-51 1e-50 1e-50 1e-50 1e-50 1e-50 1e-50 1e-50 1e-50 1e-50 1e-50 1e-50 1e-50 1e-50 1e-50 1e-50 1e-50 1e-50 1e-50 1e-50 1e-50 1e-50 1e-50 1e-50 1e-50 1e-50 1e-50 1e-50 1e-50 0.767082
0.0511029  691.762 0.00254138 -3.6099 1.88934e-52 1e-50 1e-50 1e-50 0.232918 1e-50 1e-50 1e-50 1e-50 1e-50 1e-50 1e-50 1e-50 1e-50 1e-50 1e-50 1e-50 1e-50 1e-50 1e-50 1e-50 1e-50 1e-50 1e-50 1e-50 1e-50 1e-50 1e-50 1e-50 1e-50 1e-50 1e-50 1e-50 1e-50 1e-50 1e-50 1e-50 1e-50 1e-50 1e-50 1e-50 1e-50 1e-50 1e-50 1e-50 1e-50 1e-50 1e-50 1e-50 1e-50 1e-50 1e-50 1e-50 1e-50 1e-50 1e-50 1e-50 1e-50 1e-50 9.79406e-51 1e-50 1e-50 1e-50 1e-50 1e-50 1e-50 1e-50 1e-50 1e-50 1e-50 1e-50 1e-50 1e-50 1e-50 1e-50 1e-50 1e-50 1e-50 1e-50 1e-50 1e-50 1e-50 1e-50 1e-50 1e-50 1e-50 1e-50 1e-50 0.767082
0.0518382  694.037 0.00253306 -3.69905 1.88934e-52 1e-50 1e-50 1e-50 0.232918 1e-50 1e-50 1e-50 1e-50 1e-50 1e-50 1e-50 1e-50 1e-50 1e-50 1e-50 1e-50 1e-50 1e-50 1e-50 1e-50 1e-50 1e-50 1e-50 1e-50 1e-50 1e-50 1e-50 1e-50 1e-50 1e-50 1e-50 1e-50 1e-50 1e-50 1e-50 1e-50 1e-50 1e-50 1e-50 1e-50 1e-50 1e-50 1e-50 1e-50 1e-50 1e-50 1e-50 1e-50 1e-50 1e-50 1e-50 1e-50 1e-50 1e-50 1e-50 1e-50 1e-50 1e-50 9.85093e-51 1e-50 1e-50 1e-50 1e-50 1e-50 1e-50 1e-50 1e-50 1e-50 1e-50 1e-50 1e-50 1e-50 1e-50 1e-50 1e-50 1e-50 1e-50 1e-50 1e-50 1e-50 1e-50 1e-50 1e-50 1e-50 1e-50 1e-50 1e-50 0.767082
0.0525735  695.737 0.00252687 -3.74639 1.88934e-52 1e-50 1e-50 1e-50 0.232918 1e-50 1e-50 1e-50 1e-50 1e-50 1e-50 1e-50 1e-50 1e-50 1e-50 1e-50 1e-50 1e-50 1e-50 1e-50 1e-50 1e-50 1e-50 1e-50 1e-50 1e-50 1e-50 1e-50 1e-50 1e-50 1e-50 1e-50 1e-50 1e-50 1e-50 1e-50 1e-50 1e-50 1e-50 1e-50 1e-50 1e-50 1e-50 1e-50 1e-50 1e-50 1e-50 1e-50 1e-50 1e-50 1e-50 1e-50 1e-50 1e-50 1e-50 1e-50 1e-50 1e-50 1e-50 9.89344e-51 1e-50 1e-50 1e-50 1e-50 1e-50 1e-50 1e-50 1e-50 1e-50 1e-50 1e-50 1e-50 1e-50 1e-50 1e-50 1e-50 1e-50 1e-50 1e-50 1e-50 1e-50 1e-50 1e-50 1e-50 1e-50 1e-50 1e-50 1e-50 0.767082
0.0533088  696.991 0.00252232 -3.75972 1.88934e-52 1e-50 1e-50 1e-50 0.232918 1e-50 1e-50 1e-50 1e-50 1e-50 1e-50 1e-50 1e-50 1e-50 1e-50 1e-50 1e-50 1e-50 1e-50 1e-50 1e-50 1e-50 1e-50 1e-50 1e-50 1e-50 1e-50 1e-50 1e-50 1e-50 1e-50 1e-50 1e-50 1e-50 1e-50 1e-50 1e-50 1e-50 1e-50 1e-50 1e-50 1e-50 1e-50 1e-50 1e-50 1e-50 1e-50 1e-50 1e-50 1e-50 1e-50 1e-50 1e-50 1e-50 1e-50 1e-50 1e-50 1e-50 1e-50 9.92478e-51 1e-50 1e-50 1e-50 1e-50 1e-50 1e-50 1e-50 1e-50 1e-50 1e-50 1e-50 1e-50 1e-50 1e-50 1e-50 1e-50 1e-50 1e-50 1e-50 1e-50 1e-50 1e-50 1e-50 1e-50 1e-50 1e-50 1e-50 1e-50 0.767082
0.0540441  697.903 0.00251903 -3.7462 1.88934e-52 1e-50 1e-50 1e-50 0.232918 1e-50 1e-50 1e-50 1e-50 1e-50 1e-50 1e-50 1e-50 1e-50 1e-50 1e-50 1e-50 1e-50 1e-50 1e-50 1e-50 1e-50 1e-50 1e-50 1e-50 1e-50 1e-50 1e-50 1e-50 1e-50 1e-50 1e-50 1e-50 1e-50 1e-50 1e-50 1e-50 1e-50 1e-50 1e-50 1e-50 1e-50 1e-50 1e-50 1e-50 1e-50 1e-50 1e-50 1e-50 1e-50 1e-50 1e-50 1e-50 1e-50 1e-50 1e-50 1e-50 1e-50 1e-50 9.94757e-51 1e-50 1e-50 1e-50 1e-50 1e-50 1e-50 1e-50 1e-50 1e-50 1e-50 1e-50 1e-50 1e-50 1e-50 1e-50 1e-50 1e-50 1e-50 1e-50 1e-50 1e-50 1e-50 1e-50 1e-50 1e-50 1e-50 1e-50 1e-50 0.767082
0.0547794  698.557 0.00251667 -3.71211 1.88934e-52 1e-50 1e-50 1e-50 0.232918 1e-50 1e-50 1e-50 1e-50 1e-50 1e-50 1e-50 1e-50 1e-50 1e-50 1e-50 1e-50 1e-50 1e-50 1e-50 1e-50 1e-50 1e-50 1e-50 1e-50 1e-50 1e-50 1e-50 1e-50 1e-50 1e-50 1e-50 1e-50 1e-50 1e-50 1e-50 1e-50 1e-50 1e-50 1e-50 1e-50 1e-50 1e-50 1e-50 1e-50 1e-50 1e-50 1e-50 1e-50 1e-50 1e-50 1e-50 1e-50 1e-50 1e-50 1e-50 1e-50 1e-50 1e-50 9.96392e-51 1e-50 1e-50 1e-50 1e-50 1e-50 1e-50 1e-50 1e-50 1e-50 1e-50 1e-50 1e-50 1e-50 1e-50 1e-50 1e-50 1e-50 1e-50 1e-50 1e-50 1e-50 1e-50 1e-50 1e-50 1e-50 1e-50 1e-50 1e-50 0.767082
0.0555147  699.019 0.002515 -3.66279 1.88934e-52 1e-50 1e-50 1e-50 0.232918 1e-50 1e-50 1e-50 1e-50 1e-50 1e-50 1e-50 1e-50 1e-50 1e-50 1e-50 1e-50 1e-50 1e-50 1e-50 1e-50 1e-50 1e-50 1e-50 1e-50 1e-50 1e-50 1e-50 1e-50 1e-50 1e-50 1e-50 1e-50 1e-50 1e-50 1e-50 1e-50 1e-50 1e-50 1e-50 1e-50 1e-50 1e-50 1e-50 1e-50 1e-50 1e-50 1e-50 1e-50 1e-50 1e-50 1e-50 1e-50 1e-50 1e-50 1e-50 1e-50 1e-50 1e-50 9.97549e-51 1e-50 1e-50 1e-50 1e-50 1e-50 1e-50 1e-50 1e-50 1e-50 1e-50 1e-50 1e-50 1e-50 1e-50 1e-50 1e-50 1e-50 1e-50 1e-50 1e-50 1e-50 1e-50 1e-50 1e-50 1e-50 1e-50 1e-50 1e-50 0.767082
0.05625  699.342 0.00251384 -3.60264 1.88934e-52 1e-50 1e-50 1e-50 0.232918 1e-50 1e-50 1e-50 1e-50 1e-50 1e-50 1e-50 1e-50 1e-50 1e-50 1e-50 1e-50 1e-50 1e-50 1e-50 1e-50 1e-50 1e-50 1e-50 1e-50 1e-50 1e-50 1e-50 1e-50 1e-50 1e-50 1e-50 1e-50 1e-50 1e-50 1e-50 1e-50 1e-50 1e-50 1e-50 1e-50 1e-50 1e-50 1e-50 1e-50 1e-50 1e-50 1e-50 1e-50 1e-50 1e-50 1e-50 1e-50 1e-50 1e-50 1e-50 1e-50 1e-50 1e-50 9.98356e-51 1e-50 1e-50 1e-50 1e-50 1e-50 1e-50 1e-50 1e-50 1e-50 1e-50 1e-50 1e-50 1e-50 1e-50 1e-50 1e-50 1e-50 1e-50 1e-50 1e-50 1e-50 1e-50 1e-50 1e-50 1e-50 1e-50 1e-50 1e-50 0.767082
0.0569853  699.565 0.00251304 -3.53518 1.88934e-52 1e-50 1e-50 1e-50 0.232918 1e-50 1e-50 1e-50 1e-50 1e-50 1e-50 1e-50 1e-50 1e-50 1e-50 1e-50 1e-50 1e-50 1e-50 1e-50 1e-50 1e-50 1e-50 1e-50 1e-50 1e-50 1e-50 1e-50 1e-50 1e-50 1e-50 1e-50 1e-50 1e-50 1e-50 1e-50 1e-50 1e-50 1e-50 1e-50 1e-50 1e-50 1e-50 1e-50 1e-50 1e-50 1e-50 1e-50 1e-50 1e-50 1e-50 1e-50 1e-50 1e-50 1e-50 1e-50 1e-50 1e-50 1e-50 9.98911e-51 1e-50 1e-50 1e-50 1e-50 1e-50 1e-50 1e-50 1e-50 1e-50 1e-50 1e-50 1e-50 1e-50 1e-50 1e-50 1e-50 1e-50 1e-50 1e-50 1e-50 1e-50 1e-50 1e-50 1e-50 1e-50 1e-50 1e-50 1e-50 0.767082
0.0577206  699.715 0.0025125 -3.46314 1.88934e-52 1e-50 1e-50 1e-50 0.232918 1e-50 1e-50 1e-50 1e-50 1e-50 1e-50 1e-50 1e-50 1e-50 1e-50 1e-50 1e-50 1e-50 1e-50 1e-50 1e-50 1e-50 1e-50 1e-50 1e-50 1e-50 1e-50 1e-50 1e-50 1e-50 1e-50 1e-50 1e-50 1e-50 1e-50 1e-50 1e-50 1e-50 1e-50 1e-50 1e-50 1e-50 1e-50 1e-50 1e-50 1e-50 1e-50 1e-50 1e-50 1e-50 1e-50 1e-50 1e-50 1e-50 1e-50 1e-50 1e-50 1e-50 1e-50 9.99289e-51 1e-50 1e-50 1e-50 1e-50 1e-50 1e-50 1e-50 1e-50 1e-50 1e-50 1e-50 1e-50 1e-50 1e-50 1e-50 1e-50 1e-50 1e-50 1e-50 1e-50 1e-50 1e-50 1e-50 1e-50 1e-50 1e-50 1e-50 1e-50 0.767082
0.0584559  699.816 0.00251214 -3.38862 1.88934e-52 1e-50 1e-50 1e-50 0.232918 1e-50 1e-50 1e-50 1e-50 1e-50 1e-50 1e-50 1e-50 1e-50 1e-50 1e-50 1e-50 1e-50 1e-50 1e-50 1e-50 1e-50 1e-50 1e-50 1e-50 1e-50 1e-50 1e-50 1e-50 1e-50 1e-50 1e-50 1e-50 1e-50 1e-50 1e-50 1e-50 1e-50 1e-50 1e-50 1e-50 1e-50 1e-50 1e-50 1e-50 1e-50 1e-50 1e-50 1e-50 1e-50 1e-50 1e-50 1e-50 1e-50 1e-50 1e-50 1e-50 1e-50 1e-50 9.99541e-51 1e-50 1e-50 1e-50 1e-50 1e-50 1e-50 1e-50 1e-50 1e-50 1e-50 1e-50 1e-50 1e-50 1e-50 1e-50 1e-50 1e-50 1e-50 1e-50 1e-50 1e-50 1e-50 1e-50 1e-50 1e-50 1e-50 1e-50 1e-50 0.767082
0.0591912  699.883 0.0025119 -3.31315 1.88934e-52 1e-50 1e-50 1e-50 0.232918 1e-50 1e-50 1e-50 1e-50 1e-50 1e-50 1e-50 1e-50 1e-50 1e-50 1e-50 1e-50 1e-50 1e-50 1e-50 1e-50 1e-50 1e-50 1e-50 1e-50 1e-50 1e-50 1e-50 1e-50 1e-50 1e-50 1e-50 1e-50 1e-50 1e-50 1e-50 1e-50 1e-50 1e-50 1e-50 1e-50 1e-50 1e-50 1e-50 1e-50 1e-50 1e-50 1e-50 1e-50 1e-50 1e-50 1e-50 1e-50 1e-50 1e-50 1e-50 1e-50 1e-50 1e-50 9.99708e-51 1e-50 1e-50 1e-50 1e-50 1e-50 1e-50 1e-50 1e-50 1e-50 1e-50 1e-50 1e-50 1e-50 1e-50 1e-50 1e-50 1e-50 1e-50 1e-50 1e-50 1e-50 1e-50 1e-50 1e-50 1e-50 1e-50 1e-50 1e-50 0.767082
0.0599265  699.927 0.00251174 -3.23784 1.88934e-52 1e-50 1e-50 1e-50 0.232918 1e-50 1e-50 1e-50 1e-50 1e-50 1e-50 1e-50 1e-50 1e-50 1e-50 1e-50 1e-50 1e-50 1e-50 1e-50 1e-50 1e-50 1e-50 1e-50 1e-50 1e-50 1e-50 1e-50 1e-50 1e-50 1e-50 1e-50 1e-50 1e-50 1e-50 1e-50 1e-50 1e-50 1e-50 1e-50 1e-50 1e-50 1e-50 1e-50 1e-50 1e-50 1e-50 1e-50 1e-50 1e-50 1e-50 1e-50 1e-50 1e-50 1e-50 1e-50 1e-50 1e-50 1e-50 9.99816e-51 1e-50 1e-50 1e-50 1e-50 1e-50 1e-50 1e-50 1e-50 1e-50 1e-50 1e-50 1e-50 1e-50 1e-50 1e-50 1e-50 1e-50 1e-50 1e-50 1e-50 1e-50 1e-50 1e-50 1e-50 1e-50 1e-50 1e-50 1e-50 0.767082
0.0606618  699.954 0.00251164 -3.16344 1.88934e-52 1e-50 1e-50 1e-50 0.232918 1e-50 1e-50 1e-50 1e-50 1e-50 1e-50 1e-50 1e-50 1e-50 1e-50 1e-50 1e-50 1e-50 1e-50 1e-50 1e-50 1e-50 1e-50 1e-50 1e-50 1e-50 1e-50 1e-50 1e-50 1e-50 1e-50 1e-50 1e-50 1e-50 1e-50 1e-50 1e-50 1e-50 1e-50 1e-50 1e-50 1e-50 1e-50 1e-50 1e-50 1e-50 1e-50 1e-50 1e-50 1e-50 1e-50 1e-50 1e-50 1e-50 1e-50 1e-50 1e-50 1e-50 1e-50 9.99886e-51 1e-50 1e-50 1e-50 1e-50 1e-50 1e-50 1e-50 1e-50 1e-50 1e-50 1e-50 1e-50 1e-50 1e-50 1e-50 1e-50 1e-50 1e-50 1e-50 1e-50 1e-50 1e-50 1e-50 1e-50 1e-50 1e-50 1e-50 1e-50 0.767082
0.0613971  699.972 0.00251158 -3.09048 1.88934e-52 1e-50 1e-50 1e-50 0.232918 1e-50 1e-50 1e-50 1e-50 1e-50 1e-50 1e-50 1e-50 1e-50 1e-50 1e-50 1e-50 1e-50 1e-50 1e-50 1e-50 1e-50 1e-50 1e-50 1e-50 1e-50 1e-50 1e-50 1e-50 1e-50 1e-50 1e-50 1e-50 1e-50 1e-50 1e-50 1e-50 1e-50 1e-50 1e-50 1e-50 1e-50 1e-50 1e-50 1e-50 1e-50 1e-50 1e-50 1e-50 1e-50 1e-50 1e-50 1e-50 1e-50 1e-50 1e-50 1e-50 1e-50 1e-50 9.9993e-51 1e-50 1e-50 1e-50 1e-50 1e-50 1e-50 1e-50 1e-50 1e-50 1e-50 1e-50 1e-50 1e-50 1e-50 1e-50 1e-50 1e-50 1e-50 1e-50 1e-50 1e-50 1e-50 1e-50 1e-50 1e-50 1e-50 1e-50 1e-50 0.767082
0.0621324  699.983 0.00251154 -3.01927 1.88934e-52 1e-50 1e-50 1e-50 0.232918 1e-50 1e-50 1e-50 1e-50 1e-50 1e-50 1e-50 1e-50 1e-50 1e-50 1e-50 1e-50 1e-50 1e-50 1e-50 1e-50 1e-50 1e-50 1e-50 1e-50 1e-50 1e-50 1e-50 1e-50 1e-50 1e-50 1e-50 1e-50 1e-50 1e-50 1e-50 1e-50 1e-50 1e-50 1e-50 1e-50 1e-50 1e-50 1e-50 1e-50 1e-50 1e-50 1e-50 1e-50 1e-50 1e-50 1e-50 1e-50 1e-50 1e-50 1e-50 1e-50 1e-50 1e-50 9.99958e-51 1e-50 1e-50 1e-50 1e-50 1e-50 1e-50 1e-50 1e-50 1e-50 1e-50 1e-50 1e-50 1e-50 1e-50 1e-50 1e-50 1e-50 1e-50 1e-50 1e-50 1e-50 1e-50 1e-50 1e-50 1e-50 1e-50 1e-50 1e-50 0.767082
0.0628676  699.99 0.00251151 -2.95001 1.88934e-52 1e-50 1e-50 1e-50 0.232918 1e-50 1e-50 1e-50 1e-50 1e-50 1e-50 1e-50 1e-50 1e-50 1e-50 1e-50 1e-50 1e-50 1e-50 1e-50 1e-50 1e-50 1e-50 1e-50 1e-50 1e-50 1e-50 1e-50 1e-50 1e-50 1e-50 1e-50 1e-50 1e-50 1e-50 1e-50 1e-50 1e-50 1e-50 1e-50 1e-50 1e-50 1e-50 1e-50 1e-50 1e-50 1e-50 1e-50 1e-50 1e-50 1e-50 1e-50 1e-50 1e-50 1e-50 1e-50 1e-50 1e-50 1e-50 9.99975e-51 1e-50 1e-50 1e-50 1e-50 1e-50 1e-50 1e-50 1e-50 1e-50 1e-50 1e-50 1e-50 1e-50 1e-50 1e-50 1e-50 1e-50 1e-50 1e-50 1e-50 1e-50 1e-50 1e-50 1e-50 1e-50 1e-50 1e-50 1e-50 0.767082
0.0636029  699.994 0.0025115 -2.88278 1.88934e-52 1e-50 1e-50 1e-50 0.232918 1e-50 1e-50 1e-50 1e-50 1e-50 1e-50 1e-50 1e-50 1e-50 1e-50 1e-50 1e-50 1e-50 1e-50 1e-50 1e-50 1e-50 1e-50 1e-50 1e-50 1e-50 1e-50 1e-50 1e-50 1e-50 1e-50 1e-50 1e-50 1e-50 1e-50 1e-50 1e-50 1e-50 1e-50 1e-50 1e-50 1e-50 1e-50 1e-50 1e-50 1e-50 1e-50 1e-50 1e-50 1e-50 1e-50 1e-50 1e-50 1e-50 1e-50 1e-50 1e-50 1e-50 1e-50 9.99985e-51 1e-50 1e-50 1e-50 1e-50 1e-50 1e-50 1e-50 1e-50 1e-50 1e-50 1e-50 1e-50 1e-50 1e-50 1e-50 1e-50 1e-50 1e-50 1e-50 1e-50 1e-50 1e-50 1e-50 1e-50 1e-50 1e-50 1e-50 1e-50 0.767082
0.0643382  699.997 0.00251149 -2.81763 1.88934e-52 1e-50 1e-50 1e-50 0.232918 1e-50 1e-50 1e-50 1e-50 1e-50 1e-50 1e-50 1e-50 1e-50 1e-50 1e-50 1e-50 1e-50 1e-50 1e-50 1e-50 1e-50 1e-50 1e-50 1e-50 1e-50 1e-50 1e-50 1e-50 1e-50 1e-50 1e-50 1e-50 1e-50 1e-50 1e-50 1e-50 1e-50 1e-50 1e-50 1e-50 1e-50 1e-50 1e-50 1e-50 1e-50 1e-50 1e-50 1e-50 1e-50 1e-50 1e-50 1e-50 1e-50 1e-50 1e-50 1e-50 1e-50 1e-50 9.99991e-51 1e-50 1e-50 1e-50 1e-50 1e-50 1e-50 1e-50 1e-50 1e-50 1e-50 1e-50 1e-50 1e-50 1e-50 1e-50 1e-50 1e-50 1e-50 1e-50 1e-50 1e-50 1e-50 1e-50 1e-50 1e-50 1e-50 1e-50 1e-50 0.767082
0.0650735  699.998 0.00251149 -2.75453 1.88934e-52 1e-50 1e-50 1e-50 0.232918 1e-50 1e-50 1e-50 1e-50 1e-50 1e-50 1e-50 1e-50 1e-50 1e-50 1e-50 1e-50 1e-50 1e-50 1e-50 1e-50 1e-50 1e-50 1e-50 1e-50 1e-50 1e-50 1e-50 1e-50 1e-50 1e-50 1e-50 1e-50 1e-50 1e-50 1e-50 1e-50 1e-50 1e-50 1e-50 1e-50 1e-50 1e-50 1e-50 1e-50 1e-50 1e-50 1e-50 1e-50 1e-50 1e-50 1e-50 1e-50 1e-50 1e-50 1e-50 1e-50 1e-50 1e-50 9.99995e-51 1e-50 1e-50 1e-50 1e-50 1e-50 1e-50 1e-50 1e-50 1e-50 1e-50 1e-50 1e-50 1e-50 1e-50 1e-50 1e-50 1e-50 1e-50 1e-50 1e-50 1e-50 1e-50 1e-50 1e-50 1e-50 1e-50 1e-50 1e-50 0.767082
0.0658088  699.999 0.00251148 -2.69345 1.88934e-52 1e-50 1e-50 1e-50 0.232918 1e-50 1e-50 1e-50 1e-50 1e-50 1e-50 1e-50 1e-50 1e-50 1e-50 1e-50 1e-50 1e-50 1e-50 1e-50 1e-50 1e-50 1e-50 1e-50 1e-50 1e-50 1e-50 1e-50 1e-50 1e-50 1e-50 1e-50 1e-50 1e-50 1e-50 1e-50 1e-50 1e-50 1e-50 1e-50 1e-50 1e-50 1e-50 1e-50 1e-50 1e-50 1e-50 1e-50 1e-50 1e-50 1e-50 1e-50 1e-50 1e-50 1e-50 1e-50 1e-50 1e-50 1e-50 9.99997e-51 1e-50 1e-50 1e-50 1e-50 1e-50 1e-50 1e-50 1e-50 1e-50 1e-50 1e-50 1e-50 1e-50 1e-50 1e-50 1e-50 1e-50 1e-50 1e-50 1e-50 1e-50 1e-50 1e-50 1e-50 1e-50 1e-50 1e-50 1e-50 0.767082
0.0665441  699.999 0.00251148 -2.63434 1.88934e-52 1e-50 1e-50 1e-50 0.232918 1e-50 1e-50 1e-50 1e-50 1e-50 1e-50 1e-50 1e-50 1e-50 1e-50 1e-50 1e-50 1e-50 1e-50 1e-50 1e-50 1e-50 1e-50 1e-50 1e-50 1e-50 1e-50 1e-50 1e-50 1e-50 1e-50 1e-50 1e-50 1e-50 1e-50 1e-50 1e-50 1e-50 1e-50 1e-50 1e-50 1e-50 1e-50 1e-50 1e-50 1e-50 1e-50 1e-50 1e-50 1e-50 1e-50 1e-50 1e-50 1e-50 1e-50 1e-50 1e-50 1e-50 1e-50 9.99998e-51 1e-50 1e-50 1e-50 1e-50 1e-50 1e-50 1e-50 1e-50 1e-50 1e-50 1e-50 1e-50 1e-50 1e-50 1e-50 1e-50 1e-50 1e-50 1e-50 1e-50 1e-50 1e-50 1e-50 1e-50 1e-50 1e-50 1e-50 1e-50 0.767082
0.0672794  700 0.00251148 -2.57711 1.88934e-52 1e-50 1e-50 1e-50 0.232918 1e-50 1e-50 1e-50 1e-50 1e-50 1e-50 1e-50 1e-50 1e-50 1e-50 1e-50 1e-50 1e-50 1e-50 1e-50 1e-50 1e-50 1e-50 1e-50 1e-50 1e-50 1e-50 1e-50 1e-50 1e-50 1e-50 1e-50 1e-50 1e-50 1e-50 1e-50 1e-50 1e-50 1e-50 1e-50 1e-50 1e-50 1e-50 1e-50 1e-50 1e-50 1e-50 1e-50 1e-50 1e-50 1e-50 1e-50 1e-50 1e-50 1e-50 1e-50 1e-50 1e-50 1e-50 9.99999e-51 1e-50 1e-50 1e-50 1e-50 1e-50 1e-50 1e-50 1e-50 1e-50 1e-50 1e-50 1e-50 1e-50 1e-50 1e-50 1e-50 1e-50 1e-50 1e-50 1e-50 1e-50 1e-50 1e-50 1e-50 1e-50 1e-50 1e-50 1e-50 0.767082
0.0680147  700 0.00251148 -2.52172 1.88934e-52 1e-50 1e-50 1e-50 0.232918 1e-50 1e-50 1e-50 1e-50 1e-50 1e-50 1e-50 1e-50 1e-50 1e-50 1e-50 1e-50 1e-50 1e-50 1e-50 1e-50 1e-50 1e-50 1e-50 1e-50 1e-50 1e-50 1e-50 1e-50 1e-50 1e-50 1e-50 1e-50 1e-50 1e-50 1e-50 1e-50 1e-50 1e-50 1e-50 1e-50 1e-50 1e-50 1e-50 1e-50 1e-50 1e-50 1e-50 1e-50 1e-50 1e-50 1e-50 1e-50 1e-50 1e-50 1e-50 1e-50 1e-50 1e-50 1e-50 1e-50 1e-50 1e-50 1e-50 1e-50 1e-50 1e-50 1e-50 1e-50 1e-50 1e-50 1e-50 1e-50 1e-50 1e-50 1e-50 1e-50 1e-50 1e-50 1e-50 1e-50 1e-50 1e-50 1e-50 1e-50 1e-50 1e-50 1e-50 0.767082
0.06875  700 0.00251148 -2.46808 1.88934e-52 1e-50 1e-50 1e-50 0.232918 1e-50 1e-50 1e-50 1e-50 1e-50 1e-50 1e-50 1e-50 1e-50 1e-50 1e-50 1e-50 1e-50 1e-50 1e-50 1e-50 1e-50 1e-50 1e-50 1e-50 1e-50 1e-50 1e-50 1e-50 1e-50 1e-50 1e-50 1e-50 1e-50 1e-50 1e-50 1e-50 1e-50 1e-50 1e-50 1e-50 1e-50 1e-50 1e-50 1e-50 1e-50 1e-50 1e-50 1e-50 1e-50 1e-50 1e-50 1e-50 1e-50 1e-50 1e-50 1e-50 1e-50 1e-50 1e-50 1e-50 1e-50 1e-50 1e-50 1e-50 1e-50 1e-50 1e-50 1e-50 1e-50 1e-50 1e-50 1e-50 1e-50 1e-50 1e-50 1e-50 1e-50 1e-50 1e-50 1e-50 1e-50 1e-50 1e-50 1e-50 1e-50 1e-50 1e-50 0.767082
0.0694853  700 0.00251148 -2.41613 1.88934e-52 1e-50 1e-50 1e-50 0.232918 1e-50 1e-50 1e-50 1e-50 1e-50 1e-50 1e-50 1e-50 1e-50 1e-50 1e-50 1e-50 1e-50 1e-50 1e-50 1e-50 1e-50 1e-50 1e-50 1e-50 1e-50 1e-50 1e-50 1e-50 1e-50 1e-50 1e-50 1e-50 1e-50 1e-50 1e-50 1e-50 1e-50 1e-50 1e-50 1e-50 1e-50 1e-50 1e-50 1e-50 1e-50 1e-50 1e-50 1e-50 1e-50 1e-50 1e-50 1e-50 1e-50 1e-50 1e-50 1e-50 1e-50 1e-50 1e-50 1e-50 1e-50 1e-50 1e-50 1e-50 1e-50 1e-50 1e-50 1e-50 1e-50 1e-50 1e-50 1e-50 1e-50 1e-50 1e-50 1e-50 1e-50 1e-50 1e-50 1e-50 1e-50 1e-50 1e-50 1e-50 1e-50 1e-50 1e-50 0.767082
0.0702206  700 0.00251148 -2.3658 1.88934e-52 1e-50 1e-50 1e-50 0.232918 1e-50 1e-50 1e-50 1e-50 1e-50 1e-50 1e-50 1e-50 1e-50 1e-50 1e-50 1e-50 1e-50 1e-50 1e-50 1e-50 1e-50 1e-50 1e-50 1e-50 1e-50 1e-50 1e-50 1e-50 1e-50 1e-50 1e-50 1e-50 1e-50 1e-50 1e-50 1e-50 1e-50 1e-50 1e-50 1e-50 1e-50 1e-50 1e-50 1e-50 1e-50 1e-50 1e-50 1e-50 1e-50 1e-50 1e-50 1e-50 1e-50 1e-50 1e-50 1e-50 1e-50 1e-50 1e-50 1e-50 1e-50 1e-50 1e-50 1e-50 1e-50 1e-50 1e-50 1e-50 1e-50 1e-50 1e-50 1e-50 1e-50 1e-50 1e-50 1e-50 1e-50 1e-50 1e-50 1e-50 1e-50 1e-50 1e-50 1e-50 1e-50 1e-50 1e-50 0.767082
0.0709559  700 0.00251148 -2.31702 1.88934e-52 1e-50 1e-50 1e-50 0.232918 1e-50 1e-50 1e-50 1e-50 1e-50 1e-50 1e-50 1e-50 1e-50 1e-50 1e-50 1e-50 1e-50 1e-50 1e-50 1e-50 1e-50 1e-50 1e-50 1e-50 1e-50 1e-50 1e-50 1e-50 1e-50 1e-50 1e-50 1e-50 1e-50 1e-50 1e-50 1e-50 1e-50 1e-50 1e-50 1e-50 1e-50 1e-50 1e-50 1e-50 1e-50 1e-50 1e-50 1e-50 1e-50 1e-50 1e-50 1e-50 1e-50 1e-50 1e-50 1e-50 1e-50 1e-50 1e-50 1e-50 1e-50 1e-50 1e-50 1e-50 1e-50 1e-50 1e-50 1e-50 1e-50 1e-50 1e-50 1e-50 1e-50 1e-50 1e-50 1e-50 1e-50 1e-50 1e-50 1e-50 1e-50 1e-50 1e-50 1e-50 1e-50 1e-50 1e-50 0.767082
0.0716912  700 0.00251148 -2.26974 1.88934e-52 1e-50 1e-50 1e-50 0.232918 1e-50 1e-50 1e-50 1e-50 1e-50 1e-50 1e-50 1e-50 1e-50 1e-50 1e-50 1e-50 1e-50 1e-50 1e-50 1e-50 1e-50 1e-50 1e-50 1e-50 1e-50 1e-50 1e-50 1e-50 1e-50 1e-50 1e-50 1e-50 1e-50 1e-50 1e-50 1e-50 1e-50 1e-50 1e-50 1e-50 1e-50 1e-50 1e-50 1e-50 1e-50 1e-50 1e-50 1e-50 1e-50 1e-50 1e-50 1e-50 1e-50 1e-50 1e-50 1e-50 1e-50 1e-50 1e-50 1e-50 1e-50 1e-50 1e-50 1e-50 1e-50 1e-50 1e-50 1e-50 1e-50 1e-50 1e-50 1e-50 1e-50 1e-50 1e-50 1e-50 1e-50 1e-50 1e-50 1e-50 1e-50 1e-50 1e-50 1e-50 1e-50 1e-50 1e-50 0.767082
0.0724265  700 0.00251148 -2.22389 1.88934e-52 1e-50 1e-50 1e-50 0.232918 1e-50 1e-50 1e-50 1e-50 1e-50 1e-50 1e-50 1e-50 1e-50 1e-50 1e-50 1e-50 1e-50 1e-50 1e-50 1e-50 1e-50 1e-50 1e-50 1e-50 1e-50 1e-50 1e-50 1e-50 1e-50 1e-50 1e-50 1e-50 1e-50 1e-50 1e-50 1e-50 1e-50 1e-50 1e-50 1e-50 1e-50 1e-50 1e-50 1e-50 1e-50 1e-50 1e-50 1e-50 1e-50 1e-50 1e-50 1e-50 1e-50 1e-50 1e-50 1e-50 1e-50 1e-50 1e-50 1e-50 1e-50 1e-50 1e-50 1e-50 1e-50 1e-50 1e-50 1e-50 1e-50 1e-50 1e-50 1e-50 1e-50 1e-50 1e-50 1e-50 1e-50 1e-50 1e-50 1e-50 1e-50 1e-50 1e-50 1e-50 1e-50 1e-50 1e-50 0.767082
0.0731618  700 0.00251148 -2.17941 1.88934e-52 1e-50 1e-50 1e-50 0.232918 1e-50 1e-50 1e-50 1e-50 1e-50 1e-50 1e-50 1e-50 1e-50 1e-50 1e-50 1e-50 1e-50 1e-50 1e-50 1e-50 1e-50 1e-50 1e-50 1e-50 1e-50 1e-50 1e-50 1e-50 1e-50 1e-50 1e-50 1e-50 1e-50 1e-50 1e-50 1e-50 1e-50 1e-50 1e-50 1e-50 1e-50 1e-50 1e-50 1e-50 1e-50 1e-50 1e-50 1e-50 1e-50 1e-50 1e-50 1e-50 1e-50 1e-50 1e-50 1e-50 1e-50 1e-50 1e-50 1e-50 1e-50 1e-50 1e-50 1e-50 1e-50 1e-50 1e-50 1e-50 1e-50 1e-50 1e-50 1e-50 1e-50 1e-50 1e-50 1e-50 1e-50 1e-50 1e-50 1e-50 1e-50 1e-50 1e-50 1e-50 1e-50 1e-50 1e-50 0.767082
0.0739813  700 0.00251148 -2.1314 1.88934e-52 1e-50 1e-50 1e-50 0.232918 1e-50 1e-50 1e-50 1e-50 1e-50 1e-50 1e-50 1e-50 1e-50 1e-50 1e-50 1e-50 1e-50 1e-50 1e-50 1e-50 1e-50 1e-50 1e-50 1e-50 1e-50 1e-50 1e-50 1e-50 1e-50 1e-50 1e-50 1e-50 1e-50 1e-50 1e-50 1e-50 1e-50 1e-50 1e-50 1e-50 1e-50 1e-50 1e-50 1e-50 1e-50 1e-50 1e-50 1e-50 1e-50 1e-50 1e-50 1e-50 1e-50 1e-50 1e-50 1e-50 1e-50 1e-50 1e-50 1e-50 1e-50 1e-50 1e-50 1e-50 1e-50 1e-50 1e-50 1e-50 1e-50 1e-50 1e-50 1e-50 1e-50 1e-50 1e-50 1e-50 1e-50 1e-50 1e-50 1e-50 1e-50 1e-50 1e-50 1e-50 1e-50 1e-50 1e-50 0.767082
0.0748946  700 0.00251148 -2.07973 1.88934e-52 1e-50 1e-50 1e-50 0.232918 1e-50 1e-50 1e-50 1e-50 1e-50 1e-50 1e-50 1e-50 1e-50 1e-50 1e-50 1e-50 1e-50 1e-50 1e-50 1e-50 1e-50 1e-50 1e-50 1e-50 1e-50 1e-50 1e-50 1e-50 1e-50 1e-50 1e-50 1e-50 1e-50 1e-50 1e-50 1e-50 1e-50 1e-50 1e-50 1e-50 1e-50 1e-50 1e-50 1e-50 1e-50 1e-50 1e-50 1e-50 1e-50 1e-50 1e-50 1e-50 1e-50 1e-50 1e-50 1e-50 1e-50 1e-50 1e-50 1e-50 1e-50 1e-50 1e-50 1e-50 1e-50 1e-50 1e-50 1e-50 1e-50 1e-50 1e-50 1e-50 1e-50 1e-50 1e-50 1e-50 1e-50 1e-50 1e-50 1e-50 1e-50 1e-50 1e-50 1e-50 1e-50 1e-50 1e-50 0.767082
0.0759126  700 0.00251148 -2.02432 1.88934e-52 1e-50 1e-50 1e-50 0.232918 1e-50 1e-50 1e-50 1e-50 1e-50 1e-50 1e-50 1e-50 1e-50 1e-50 1e-50 1e-50 1e-50 1e-50 1e-50 1e-50 1e-50 1e-50 1e-50 1e-50 1e-50 1e-50 1e-50 1e-50 1e-50 1e-50 1e-50 1e-50 1e-50 1e-50 1e-50 1e-50 1e-50 1e-50 1e-50 1e-50 1e-50 1e-50 1e-50 1e-50 1e-50 1e-50 1e-50 1e-50 1e-50 1e-50 1e-50 1e-50 1e-50 1e-50 1e-50 1e-50 1e-50 1e-50 1e-50 1e-50 1e-50 1e-50 1e-50 1e-50 1e-50 1e-50 1e-50 1e-50 1e-50 1e-50 1e-50 1e-50 1e-50 1e-50 1e-50 1e-50 1e-50 1e-50 1e-50 1e-50 1e-50 1e-50 1e-50 1e-50 1e-50 1e-50 1e-50 0.767082
0.0770472  700 0.00251148 -1.96514 1.88934e-52 1e-50 1e-50 1e-50 0.232918 1e-50 1e-50 1e-50 1e-50 1e-50 1e-50 1e-50 1e-50 1e-50 1e-50 1e-50 1e-50 1e-50 1e-50 1e-50 1e-50 1e-50 1e-50 1e-50 1e-50 1e-50 1e-50 1e-50 1e-50 1e-50 1e-50 1e-50 1e-50 1e-50 1e-50 1e-50 1e-50 1e-50 1e-50 1e-50 1e-50 1e-50 1e-50 1e-50 1e-50 1e-50 1e-50 1e-50 1e-50 1e-50 1e-50 1e-50 1e-50 1e-50 1e-50 1e-50 1e-50 1e-50 1e-50 1e-50 1e-50 1e-50 1e-50 1e-50 1e-50 1e-50 1e-50 1e-50 1e-50 1e-50 1e-50 1e-50 1e-50 1e-50 1e-50 1e-50 1e-50 1e-50 1e-50 1e-50 1e-50 1e-50 1e-50 1e-50 1e-50 1e-50 1e-50 1e-50 0.767082
0.0783117  700 0.00251148 -1.90219 1.88934e-52 1e-50 1e-50 1e-50 0.232918 1e-50 1e-50 1e-50 1e-50 1e-50 1e-50 1e-50 1e-50 1e-50 1e-50 1e-50 1e-50 1e-50 1e-50 1e-50 1e-50 1e-50 1e-50 1e-50 1e-50 1e-50 1e-50 1e-50 1e-50 1e-50 1e-50 1e-50 1e-50 1e-50 1e-50 1e-50 1e-50 1e-50 1e-50 1e-50 1e-50 1e-50 1e-50 1e-50 1e-50 1e-50 1e-50 1e-50 1e-50 1e-50 1e-50 1e-50 1e-50 1e-50 1e-50 1e-50 1e-50 1e-50 1e-50 1e-50 1e-50 1e-50 1e-50 1e-50 1e-50 1e-50 1e-50 1e-50 1e-50 1e-50 1e-50 1e-50 1e-50 1e-50 1e-50 1e-50 1e-50 1e-50 1e-50 1e-50 1e-50 1e-50 1e-50 1e-50 1e-50 1e-50 1e-50 1e-50 0.767082
0.079721  700 0.00251148 -1.83553 1.88934e-52 1e-50 1e-50 1e-50 0.232918 1e-50 1e-50 1e-50 1e-50 1e-50 1e-50 1e-50 1e-50 1e-50 1e-50 1e-50 1e-50 1e-50 1e-50 1e-50 1e-50 1e-50 1e-50 1e-50 1e-50 1e-50 1e-50 1e-50 1e-50 1e-50 1e-50 1e-50 1e-50 1e-50 1e-50 1e-50 1e-50 1e-50 1e-50 1e-50 1e-50 1e-50 1e-50 1e-50 1e-50 1e-50 1e-50 1e-50 1e-50 1e-50 1e-50 1e-50 1e-50 1e-50 1e-50 1e-50 1e-50 1e-50 1e-50 1e-50 1e-50 1e-50 1e-50 1e-50 1e-50 1e-50 1e-50 1e-50 1e-50 1e-50 1e-50 1e-50 1e-50 1e-50 1e-50 1e-50 1e-50 1e-50 1e-50 1e-50 1e-50 1e-50 1e-50 1e-50 1e-50 1e-50 1e-50 1e-50 0.767082
0.0812918  700 0.00251148 -1.76528 1.88934e-52 1e-50 1e-50 1e-50 0.232918 1e-50 1e-50 1e-50 1e-50 1e-50 1e-50 1e-50 1e-50 1e-50 1e-50 1e-50 1e-50 1e-50 1e-50 1e-50 1e-50 1e-50 1e-50 1e-50 1e-50 1e-50 1e-50 1e-50 1e-50 1e-50 1e-50 1e-50 1e-50 1e-50 1e-50 1e-50 1e-50 1e-50 1e-50 1e-50 1e-50 1e-50 1e-50 1e-50 1e-50 1e-50 1e-50 1e-50 1e-50 1e-50 1e-50 1e-50 1e-50 1e-50 1e-50 1e-50 1e-50 1e-50 1e-50 1e-50 1e-50 1e-50 1e-50 1e-50 1e-50 1e-50 1e-50 1e-50 1e-50 1e-50 1e-50 1e-50 1e-50 1e-50 1e-50 1e-50 1e-50 1e-50 1e-50 1e-50 1e-50 1e-50 1e-50 1e-50 1e-50 1e-50 1e-50 1e-50 0.767082
0.0830425  700 0.00251148 -1.69164 1.88934e-52 1e-50 1e-50 1e-50 0.232918 1e-50 1e-50 1e-50 1e-50 1e-50 1e-50 1e-50 1e-50 1e-50 1e-50 1e-50 1e-50 1e-50 1e-50 1e-50 1e-50 1e-50 1e-50 1e-50 1e-50 1e-50 1e-50 1e-50 1e-50 1e-50 1e-50 1e-50 1e-50 1e-50 1e-50 1e-50 1e-50 1e-50 1e-50 1e-50 1e-50 1e-50 1e-50 1e-50 1e-50 1e-50 1e-50 1e-50 1e-50 1e-50 1e-50 1e-50 1e-50 1e-50 1e-50 1e-50 1e-50 1e-50 1e-50 1e-50 1e-50 1e-50 1e-50 1e-50 1e-50 1e-50 1e-50 1e-50 1e-50 1e-50 1e-50 1e-50 1e-50 1e-50 1e-50 1e-50 1e-50 1e-50 1e-50 1e-50 1e-50 1e-50 1e-50 1e-50 1e-50 1e-50 1e-50 1e-50 0.767082
0.0849936  700 0.00251148 -1.61486 1.88934e-52 1e-50 1e-50 1e-50 0.232918 1e-50 1e-50 1e-50 1e-50 1e-50 1e-50 1e-50 1e-50 1e-50 1e-50 1e-50 1e-50 1e-50 1e-50 1e-50 1e-50 1e-50 1e-50 1e-50 1e-50 1e-50 1e-50 1e-50 1e-50 1e-50 1e-50 1e-50 1e-50 1e-50 1e-50 1e-50 1e-50 1e-50 1e-50 1e-50 1e-50 1e-50 1e-50 1e-50 1e-50 1e-50 1e-50 1e-50 1e-50 1e-50 1e-50 1e-50 1e-50 1e-50 1e-50 1e-50 1e-50 1e-50 1e-50 1e-50 1e-50 1e-50 1e-50 1e-50 1e-50 1e-50 1e-50 1e-50 1e-50 1e-50 1e-50 1e-50 1e-50 1e-50 1e-50 1e-50 1e-50 1e-50 1e-50 1e-50 1e-50 1e-50 1e-50 1e-50 1e-50 1e-50 1e-50 1e-50 0.767082
0.0871683  700 0.00251148 -1.53529 1.88934e-52 1e-50 1e-50 1e-50 0.232918 1e-50 1e-50 1e-50 1e-50 1e-50 1e-50 1e-50 1e-50 1e-50 1e-50 1e-50 1e-50 1e-50 1e-50 1e-50 1e-50 1e-50 1e-50 1e-50 1e-50 1e-50 1e-50 1e-50 1e-50 1e-50 1e-50 1e-50 1e-50 1e-50 1e-50 1e-50 1e-50 1e-50 1e-50 1e-50 1e-50 1e-50 1e-50 1e-50 1e-50 1e-50 1e-50 1e-50 1e-50 1e-50 1e-50 1e-50 1e-50 1e-50 1e-50 1e-50 1e-50 1e-50 1e-50 1e-50 1e-50 1e-50 1e-50 1e-50 1e-50 1e-50 1e-50 1e-50 1e-50 1e-50 1e-50 1e-50 1e-50 1e-50 1e-50 1e-50 1e-50 1e-50 1e-50 1e-50 1e-50 1e-50 1e-50 1e-50 1e-50 1e-50 1e-50 1e-50 0.767082
0.089592  700 0.00251148 -1.45335 1.88934e-52 1e-50 1e-50 1e-50 0.232918 1e-50 1e-50 1e-50 1e-50 1e-50 1e-50 1e-50 1e-50 1e-50 1e-50 1e-50 1e-50 1e-50 1e-50 1e-50 1e-50 1e-50 1e-50 1e-50 1e-50 1e-50 1e-50 1e-50 1e-50 1e-50 1e-50 1e-50 1e-50 1e-50 1e-50 1e-50 1e-50 1e-50 1e-50 1e-50 1e-50 1e-50 1e-50 1e-50 1e-50 1e-50 1e-50 1e-50 1e-50 1e-50 1e-50 1e-50 1e-50 1e-50 1e-50 1e-50 1e-50 1e-50 1e-50 1e-50 1e-50 1e-50 1e-50 1e-50 1e-50 1e-50 1e-50 1e-50 1e-50 1e-50 1e-50 1e-50 1e-50 1e-50 1e-50 1e-50 1e-50 1e-50 1e-50 1e-50 1e-50 1e-50 1e-50 1e-50 1e-50 1e-50 1e-50 1e-50 0.767082
0.0922933  700 0.00251148 -1.36952 1.88934e-52 1e-50 1e-50 1e-50 0.232918 1e-50 1e-50 1e-50 1e-50 1e-50 1e-50 1e-50 1e-50 1e-50 1e-50 1e-50 1e-50 1e-50 1e-50 1e-50 1e-50 1e-50 1e-50 1e-50 1e-50 1e-50 1e-50 1e-50 1e-50 1e-50 1e-50 1e-50 1e-50 1e-50 1e-50 1e-50 1e-50 1e-50 1e-50 1e-50 1e-50 1e-50 1e-50 1e-50 1e-50 1e-50 1e-50 1e-50 1e-50 1e-50 1e-50 1e-50 1e-50 1e-50 1e-50 1e-50 1e-50 1e-50 1e-50 1e-50 1e-50 1e-50 1e-50 1e-50 1e-50 1e-50 1e-50 1e-50 1e-50 1e-50 1e-50 1e-50 1e-50 1e-50 1e-50 1e-50 1e-50 1e-50 1e-50 1e-50 1e-50 1e-50 1e-50 1e-50 1e-50 1e-50 1e-50 1e-50 0.767082
0.0953039  700 0.00251148 -1.28436 1.88934e-52 1e-50 1e-50 1e-50 0.232918 1e-50 1e-50 1e-50 1e-50 1e-50 1e-50 1e-50 1e-50 1e-50 1e-50 1e-50 1e-50 1e-50 1e-50 1e-50 1e-50 1e-50 1e-50 1e-50 1e-50 1e-50 1e-50 1e-50 1e-50 1e-50 1e-50 1e-50 1e-50 1e-50 1e-50 1e-50 1e-50 1e-50 1e-50 1e-50 1e-50 1e-50 1e-50 1e-50 1e-50 1e-50 1e-50 1e-50 1e-50 1e-50 1e-50 1e-50 1e-50 1e-50 1e-50 1e-50 1e-50 1e-50 1e-50 1e-50 1e-50 1e-50 1e-50 1e-50 1e-50 1e-50 1e-50 1e-50 1e-50 1e-50 1e-50 1e-50 1e-50 1e-50 1e-50 1e-50 1e-50 1e-50 1e-50 1e-50 1e-50 1e-50 1e-50 1e-50 1e-50 1e-50 1e-50 1e-50 0.767082
0.0986594  700 0.00251148 -1.19848 1.88934e-52 1e-50 1e-50 1e-50 0.232918 1e-50 1e-50 1e-50 1e-50 1e-50 1e-50 1e-50 1e-50 1e-50 1e-50 1e-50 1e-50 1e-50 1e-50 1e-50 1e-50 1e-50 1e-50 1e-50 1e-50 1e-50 1e-50 1e-50 1e-50 1e-50 1e-50 1e-50 1e-50 1e-50 1e-50 1e-50 1e-50 1e-50 1e-50 1e-50 1e-50 1e-50 1e-50 1e-50 1e-50 1e-50 1e-50 1e-50 1e-50 1e-50 1e-50 1e-50 1e-50 1e-50 1e-50 1e-50 1e-50 1e-50 1e-50 1e-50 1e-50 1e-50 1e-50 1e-50 1e-50 1e-50 1e-50 1e-50 1e-50 1e-50 1e-50 1e-50 1e-50 1e-50 1e-50 1e-50 1e-50 1e-50 1e-50 1e-50 1e-50 1e-50 1e-50 1e-50 1e-50 1e-50 1e-50 1e-50 0.767082
0.102399  700 0.00251148 -1.11254 1.88934e-52 1e-50 1e-50 1e-50 0.232918 1e-50 1e-50 1e-50 1e-50 1e-50 1e-50 1e-50 1e-50 1e-50 1e-50 1e-50 1e-50 1e-50 1e-50 1e-50 1e-50 1e-50 1e-50 1e-50 1e-50 1e-50 1e-50 1e-50 1e-50 1e-50 1e-50 1e-50 1e-50 1e-50 1e-50 1e-50 1e-50 1e-50 1e-50 1e-50 1e-50 1e-50 1e-50 1e-50 1e-50 1e-50 1e-50 1e-50 1e-50 1e-50 1e-50 1e-50 1e-50 1e-50 1e-50 1e-50 1e-50 1e-50 1e-50 1e-50 1e-50 1e-50 1e-50 1e-50 1e-50 1e-50 1e-50 1e-50 1e-50 1e-50 1e-50 1e-50 1e-50 1e-50 1e-50 1e-50 1e-50 1e-50 1e-50 1e-50 1e-50 1e-50 1e-50 1e-50 1e-50 1e-50 1e-50 1e-50 0.767082
0.106567  700 0.00251148 -1.02721 1.88934e-52 1e-50 1e-50 1e-50 0.232918 1e-50 1e-50 1e-50 1e-50 1e-50 1e-50 1e-50 1e-50 1e-50 1e-50 1e-50 1e-50 1e-50 1e-50 1e-50 1e-50 1e-50 1e-50 1e-50 1e-50 1e-50 1e-50 1e-50 1e-50 1e-50 1e-50 1e-50 1e-50 1e-50 1e-50 1e-50 1e-50 1e-50 1e-50 1e-50 1e-50 1e-50 1e-50 1e-50 1e-50 1e-50 1e-50 1e-50 1e-50 1e-50 1e-50 1e-50 1e-50 1e-50 1e-50 1e-50 1e-50 1e-50 1e-50 1e-50 1e-50 1e-50 1e-50 1e-50 1e-50 1e-50 1e-50 1e-50 1e-50 1e-50 1e-50 1e-50 1e-50 1e-50 1e-50 1e-50 1e-50 1e-50 1e-50 1e-50 1e-50 1e-50 1e-50 1e-50 1e-50 1e-50 1e-50 1e-50 0.767082
0.111213  700 0.00251148 -0.943186 1.88934e-52 1e-50 1e-50 1e-50 0.232918 1e-50 1e-50 1e-50 1e-50 1e-50 1e-50 1e-50 1e-50 1e-50 1e-50 1e-50 1e-50 1e-50 1e-50 1e-50 1e-50 1e-50 1e-50 1e-50 1e-50 1e-50 1e-50 1e-50 1e-50 1e-50 1e-50 1e-50 1e-50 1e-50 1e-50 1e-50 1e-50 1e-50 1e-50 1e-50 1e-50 1e-50 1e-50 1e-50 1e-50 1e-50 1e-50 1e-50 1e-50 1e-50 1e-50 1e-50 1e-50 1e-50 1e-50 1e-50 1e-50 1e-50 1e-50 1e-50 1e-50 1e-50 1e-50 1e-50 1e-50 1e-50 1e-50 1e-50 1e-50 1e-50 1e-50 1e-50 1e-50 1e-50 1e-50 1e-50 1e-50 1e-50 1e-50 1e-50 1e-50 1e-50 1e-50 1e-50 1e-50 1e-50 1e-50 1e-50 0.767082
0.11639  700 0.00251148 -0.861138 1.88934e-52 1e-50 1e-50 1e-50 0.232918 1e-50 1e-50 1e-50 1e-50 1e-50 1e-50 1e-50 1e-50 1e-50 1e-50 1e-50 1e-50 1e-50 1e-50 1e-50 1e-50 1e-50 1e-50 1e-50 1e-50 1e-50 1e-50 1e-50 1e-50 1e-50 1e-50 1e-50 1e-50 1e-50 1e-50 1e-50 1e-50 1e-50 1e-50 1e-50 1e-50 1e-50 1e-50 1e-50 1e-50 1e-50 1e-50 1e-50 1e-50 1e-50 1e-50 1e-50 1e-50 1e-50 1e-50 1e-50 1e-50 1e-50 1e-50 1e-50 1e-50 1e-50 1e-50 1e-50 1e-50 1e-50 1e-50 1e-50 1e-50 1e-50 1e-50 1e-50 1e-50 1e-50 1e-50 1e-50 1e-50 1e-50 1e-50 1e-50 1e-50 1e-50 1e-50 1e-50 1e-50 1e-50 1e-50 1e-50 0.767082
0.122161  700 0.00251148 -0.781703 1.88934e-52 1e-50 1e-50 1e-50 0.232918 1e-50 1e-50 1e-50 1e-50 1e-50 1e-50 1e-50 1e-50 1e-50 1e-50 1e-50 1e-50 1e-50 1e-50 1e-50 1e-50 1e-50 1e-50 1e-50 1e-50 1e-50 1e-50 1e-50 1e-50 1e-50 1e-50 1e-50 1e-50 1e-50 1e-50 1e-50 1e-50 1e-50 1e-50 1e-50 1e-50 1e-50 1e-50 1e-50 1e-50 1e-50 1e-50 1e-50 1e-50 1e-50 1e-50 1e-50 1e-50 1e-50 1e-50 1e-50 1e-50 1e-50 1e-50 1e-50 1e-50 1e-50 1e-50 1e-50 1e-50 1e-50 1e-50 1e-50 1e-50 1e-50 1e-50 1e-50 1e-50 1e-50 1e-50 1e-50 1e-50 1e-50 1e-50 1e-50 1e-50 1e-50 1e-50 1e-50 1e-50 1e-50 1e-50 1e-50 0.767082
0.128593  700 0.00251148 -0.705466 1.88934e-52 1e-50 1e-50 1e-50 0.232918 1e-50 1e-50 1e-50 1e-50 1e-50 1e-50 1e-50 1e-50 1e-50 1e-50 1e-50 1e-50 1e-50 1e-50 1e-50 1e-50 1e-50 1e-50 1e-50 1e-50 1e-50 1e-50 1e-50 1e-50 1e-50 1e-50 1e-50 1e-50 1e-50 1e-50 1e-50 1e-50 1e-50 1e-50 1e-50 1e-50 1e-50 1e-50 1e-50 1e-50 1e-50 1e-50 1e-50 1e-50 1e-50 1e-50 1e-50 1e-50 1e-50 1e-50 1e-50 1e-50 1e-50 1e-50 1e-50 1e-50 1e-50 1e-50 1e-50 1e-50 1e-50 1e-50 1e-50 1e-50 1e-50 1e-50 1e-50 1e-50 1e-50 1e-50 1e-50 1e-50 1e-50 1e-50 1e-50 1e-50 1e-50 1e-50 1e-50 1e-50 1e-50 1e-50 1e-50 0.767082
0.135761  700 0.00251148 -0.632936 1.88934e-52 1e-50 1e-50 1e-50 0.232918 1e-50 1e-50 1e-50 1e-50 1e-50 1e-50 1e-50 1e-50 1e-50 1e-50 1e-50 1e-50 1e-50 1e-50 1e-50 1e-50 1e-50 1e-50 1e-50 1e-50 1e-50 1e-50 1e-50 1e-50 1e-50 1e-50 1e-50 1e-50 1e-50 1e-50 1e-50 1e-50 1e-50 1e-50 1e-50 1e-50 1e-50 1e-50 1e-50 1e-50 1e-50 1e-50 1e-50 1e-50 1e-50 1e-50 1e-50 1e-50 1e-50 1e-50 1e-50 1e-50 1e-50 1e-50 1e-50 1e-50 1e-50 1e-50 1e-50 1e-50 1e-50 1e-50 1e-50 1e-50 1e-50 1e-50 1e-50 1e-50 1e-50 1e-50 1e-50 1e-50 1e-50 1e-50 1e-50 1e-50 1e-50 1e-50 1e-50 1e-50 1e-50 1e-50 1e-50 0.767082
0.14375  700 0.00251148 -0.564538 1.88934e-52 1e-50 1e-50 1e-50 0.232918 1e-50 1e-50 1e-50 1e-50 1e-50 1e-50 1e-50 1e-50 1e-50 1e-50 1e-50 1e-50 1e-50 1e-50 1e-50 1e-50 1e-50 1e-50 1e-50 1e-50 1e-50 1e-50 1e-50 1e-50 1e-50 1e-50 1e-50 1e-50 1e-50 1e-50 1e-50 1e-50 1e-50 1e-50 1e-50 1e-50 1e-50 1e-50 1e-50 1e-50 1e-50 1e-50 1e-50 1e-50 1e-50 1e-50 1e-50 1e-50 1e-50 1e-50 1e-50 1e-50 1e-50 1e-50 1e-50 1e-50 1e-50 1e-50 1e-50 1e-50 1e-50 1e-50 1e-50 1e-50 1e-50 1e-50 1e-50 1e-50 1e-50 1e-50 1e-50 1e-50 1e-50 1e-50 1e-50 1e-50 1e-50 1e-50 1e-50 1e-50 1e-50 1e-50 1e-50 0.767082
0.152654  700 0.00251148 -0.500601 1.88934e-52 1e-50 1e-50 1e-50 0.232918 1e-50 1e-50 1e-50 1e-50 1e-50 1e-50 1e-50 1e-50 1e-50 1e-50 1e-50 1e-50 1e-50 1e-50 1e-50 1e-50 1e-50 1e-50 1e-50 1e-50 1e-50 1e-50 1e-50 1e-50 1e-50 1e-50 1e-50 1e-50 1e-50 1e-50 1e-50 1e-50 1e-50 1e-50 1e-50 1e-50 1e-50 1e-50 1e-50 1e-50 1e-50 1e-50 1e-50 1e-50 1e-50 1e-50 1e-50 1e-50 1e-50 1e-50 1e-50 1e-50 1e-50 1e-50 1e-50 1e-50 1e-50 1e-50 1e-50 1e-50 1e-50 1e-50 1e-50 1e-50 1e-50 1e-50 1e-50 1e-50 1e-50 1e-50 1e-50 1e-50 1e-50 1e-50 1e-50 1e-50 1e-50 1e-50 1e-50 1e-50 1e-50 1e-50 1e-50 0.767082
0.162578  700 0.00251148 -0.441352 1.88934e-52 1e-50 1e-50 1e-50 0.232918 1e-50 1e-50 1e-50 1e-50 1e-50 1e-50 1e-50 1e-50 1e-50 1e-50 1e-50 1e-50 1e-50 1e-50 1e-50 1e-50 1e-50 1e-50 1e-50 1e-50 1e-50 1e-50 1e-50 1e-50 1e-50 1e-50 1e-50 1e-50 1e-50 1e-50 1e-50 1e-50 1e-50 1e-50 1e-50 1e-50 1e-50 1e-50 1e-50 1e-50 1e-50 1e-50 1e-50 1e-50 1e-50 1e-50 1e-50 1e-50 1e-50 1e-50 1e-50 1e-50 1e-50 1e-50 1e-50 1e-50 1e-50 1e-50 1e-50 1e-50 1e-50 1e-50 1e-50 1e-50 1e-50 1e-50 1e-50 1e-50 1e-50 1e-50 1e-50 1e-50 1e-50 1e-50 1e-50 1e-50 1e-50 1e-50 1e-50 1e-50 1e-50 1e-50 1e-50 0.767082
0.173638  700 0.00251148 -0.386916 1.88934e-52 1e-50 1e-50 1e-50 0.232918 1e-50 1e-50 1e-50 1e-50 1e-50 1e-50 1e-50 1e-50 1e-50 1e-50 1e-50 1e-50 1e-50 1e-50 1e-50 1e-50 1e-50 1e-50 1e-50 1e-50 1e-50 1e-50 1e-50 1e-50 1e-50 1e-50 1e-50 1e-50 1e-50 1e-50 1e-50 1e-50 1e-50 1e-50 1e-50 1e-50 1e-50 1e-50 1e-50 1e-50 1e-50 1e-50 1e-50 1e-50 1e-50 1e-50 1e-50 1e-50 1e-50 1e-50 1e-50 1e-50 1e-50 1e-50 1e-50 1e-50 1e-50 1e-50 1e-50 1e-50 1e-50 1e-50 1e-50 1e-50 1e-50 1e-50 1e-50 1e-50 1e-50 1e-50 1e-50 1e-50 1e-50 1e-50 1e-50 1e-50 1e-50 1e-50 1e-50 1e-50 1e-50 1e-50 1e-50 0.767082
0.185966  700 0.00251148 -0.33732 1.88934e-52 1e-50 1e-50 1e-50 0.232918 1e-50 1e-50 1e-50 1e-50 1e-50 1e-50 1e-50 1e-50 1e-50 1e-50 1e-50 1e-50 1e-50 1e-50 1e-50 1e-50 1e-50 1e-50 1e-50 1e-50 1e-50 1e-50 1e-50 1e-50 1e-50 1e-50 1e-50 1e-50 1e-50 1e-50 1e-50 1e-50 1e-50 1e-50 1e-50 1e-50 1e-50 1e-50 1e-50 1e-50 1e-50 1e-50 1e-50 1e-50 1e-50 1e-50 1e-50 1e-50 1e-50 1e-50 1e-50 1e-50 1e-50 1e-50 1e-50 1e-50 1e-50 1e-50 1e-50 1e-50 1e-50 1e-50 1e-50 1e-50 1e-50 1e-50 1e-50 1e-50 1e-50 1e-50 1e-50 1e-50 1e-50 1e-50 1e-50 1e-50 1e-50 1e-50 1e-50 1e-50 1e-50 1e-50 1e-50 0.767082
0.199705  700 0.00251148 -0.292503 1.88934e-52 1e-50 1e-50 1e-50 0.232918 1e-50 1e-50 1e-50 1e-50 1e-50 1e-50 1e-50 1e-50 1e-50 1e-50 1e-50 1e-50 1e-50 1e-50 1e-50 1e-50 1e-50 1e-50 1e-50 1e-50 1e-50 1e-50 1e-50 1e-50 1e-50 1e-50 1e-50 1e-50 1e-50 1e-50 1e-50 1e-50 1e-50 1e-50 1e-50 1e-50 1e-50 1e-50 1e-50 1e-50 1e-50 1e-50 1e-50 1e-50 1e-50 1e-50 1e-50 1e-50 1e-50 1e-50 1e-50 1e-50 1e-50 1e-50 1e-50 1e-50 1e-50 1e-50 1e-50 1e-50 1e-50 1e-50 1e-50 1e-50 1e-50 1e-50 1e-50 1e-50 1e-50 1e-50 1e-50 1e-50 1e-50 1e-50 1e-50 1e-50 1e-50 1e-50 1e-50 1e-50 1e-50 1e-50 1e-50 0.767082
0.215017  700 0.00251148 -0.252325 1.88934e-52 1e-50 1e-50 1e-50 0.232918 1e-50 1e-50 1e-50 1e-50 1e-50 1e-50 1e-50 1e-50 1e-50 1e-50 1e-50 1e-50 1e-50 1e-50 1e-50 1e-50 1e-50 1e-50 1e-50 1e-50 1e-50 1e-50 1e-50 1e-50 1e-50 1e-50 1e-50 1e-50 1e-50 1e-50 1e-50 1e-50 1e-50 1e-50 1e-50 1e-50 1e-50 1e-50 1e-50 1e-50 1e-50 1e-50 1e-50 1e-50 1e-50 1e-50 1e-50 1e-50 1e-50 1e-50 1e-50 1e-50 1e-50 1e-50 1e-50 1e-50 1e-50 1e-50 1e-50 1e-50 1e-50 1e-50 1e-50 1e-50 1e-50 1e-50 1e-50 1e-50 1e-50 1e-50 1e-50 1e-50 1e-50 1e-50 1e-50 1e-50 1e-50 1e-50 1e-50 1e-50 1e-50 1e-50 1e-50 0.767082
0.232084  700 0.00251148 -0.216579 1.88934e-52 1e-50 1e-50 1e-50 0.232918 1e-50 1e-50 1e-50 1e-50 1e-50 1e-50 1e-50 1e-50 1e-50 1e-50 1e-50 1e-50 1e-50 1e-50 1e-50 1e-50 1e-50 1e-50 1e-50 1e-50 1e-50 1e-50 1e-50 1e-50 1e-50 1e-50 1e-50 1e-50 1e-50 1e-50 1e-50 1e-50 1e-50 1e-50 1e-50 1e-50 1e-50 1e-50 1e-50 1e-50 1e-50 1e-50 1e-50 1e-50 1e-50 1e-50 1e-50 1e-50 1e-50 1e-50 1e-50 1e-50 1e-50 1e-50 1e-50 1e-50 1e-50 1e-50 1e-50 1e-50 1e-50 1e-50 1e-50 1e-50 1e-50 1e-50 1e-50 1e-50 1e-50 1e-50 1e-50 1e-50 1e-50 1e-50 1e-50 1e-50 1e-50 1e-50 1e-50 1e-50 1e-50 1e-50 1e-50 0.767082
0.251105  700 0.00251148 -0.18501 1.88934e-52 1e-50 1e-50 1e-50 0.232918 1e-50 1e-50 1e-50 1e-50 1e-50 1e-50 1e-50 1e-50 1e-50 1e-50 1e-50 1e-50 1e-50 1e-50 1e-50 1e-50 1e-50 1e-50 1e-50 1e-50 1e-50 1e-50 1e-50 1e-50 1e-50 1e-50 1e-50 1e-50 1e-50 1e-50 1e-50 1e-50 1e-50 1e-50 1e-50 1e-50 1e-50 1e-50 1e-50 1e-50 1e-50 1e-50 1e-50 1e-50 1e-50 1e-50 1e-50 1e-50 1e-50 1e-50 1e-50 1e-50 1e-50 1e-50 1e-50 1e-50 1e-50 1e-50 1e-50 1e-50 1e-50 1e-50 1e-50 1e-50 1e-50 1e-50 1e-50 1e-50 1e-50 1e-50 1e-50 1e-50 1e-50 1e-50 1e-50 1e-50 1e-50 1e-50 1e-50 1e-50 1e-50 1e-50 1e-50 0.767082
0.272305  700 0.00251148 -0.157325 1.88934e-52 1e-50 1e-50 1e-50 0.232918 1e-50 1e-50 1e-50 1e-50 1e-50 1e-50 1e-50 1e-50 1e-50 1e-50 1e-50 1e-50 1e-50 1e-50 1e-50 1e-50 1e-50 1e-50 1e-50 1e-50 1e-50 1e-50 1e-50 1e-50 1e-50 1e-50 1e-50 1e-50 1e-50 1e-50 1e-50 1e-50 1e-50 1e-50 1e-50 1e-50 1e-50 1e-50 1e-50 1e-50 1e-50 1e-50 1e-50 1e-50 1e-50 1e-50 1e-50 1e-50 1e-50 1e-50 1e-50 1e-50 1e-50 1e-50 1e-50 1e-50 1e-50 1e-50 1e-50 1e-50 1e-50 1e-50 1e-50 1e-50 1e-50 1e-50 1e-50 1e-50 1e-50 1e-50 1e-50 1e-50 1e-50 1e-50 1e-50 1e-50 1e-50 1e-50 1e-50 1e-50 1e-50 1e-50 1e-50 0.767082
0.295933  700 0.00251148 -0.133205 1.88934e-52 1e-50 1e-50 1e-50 0.232918 1e-50 1e-50 1e-50 1e-50 1e-50 1e-50 1e-50 1e-50 1e-50 1e-50 1e-50 1e-50 1e-50 1e-50 1e-50 1e-50 1e-50 1e-50 1e-50 1e-50 1e-50 1e-50 1e-50 1e-50 1e-50 1e-50 1e-50 1e-50 1e-50 1e-50 1e-50 1e-50 1e-50 1e-50 1e-50 1e-50 1e-50 1e-50 1e-50 1e-50 1e-50 1e-50 1e-50 1e-50 1e-50 1e-50 1e-50 1e-50 1e-50 1e-50 1e-50 1e-50 1e-50 1e-50 1e-50 1e-50 1e-50 1e-50 1e-50 1e-50 1e-50 1e-50 1e-50 1e-50 1e-50 1e-50 1e-50 1e-50 1e-50 1e-50 1e-50 1e-50 1e-50 1e-50 1e-50 1e-50 1e-50 1e-50 1e-50 1e-50 1e-50 1e-50 1e-50 0.767082
0.322267  700 0.00251148 -0.112325 1.88934e-52 1e-50 1e-50 1e-50 0.232918 1e-50 1e-50 1e-50 1e-50 1e-50 1e-50 1e-50 1e-50 1e-50 1e-50 1e-50 1e-50 1e-50 1e-50 1e-50 1e-50 1e-50 1e-50 1e-50 1e-50 1e-50 1e-50 1e-50 1e-50 1e-50 1e-50 1e-50 1e-50 1e-50 1e-50 1e-50 1e-50 1e-50 1e-50 1e-50 1e-50 1e-50 1e-50 1e-50 1e-50 1e-50 1e-50 1e-50 1e-50 1e-50 1e-50 1e-50 1e-50 1e-50 1e-50 1e-50 1e-50 1e-50 1e-50 1e-50 1e-50 1e-50 1e-50 1e-50 1e-50 1e-50 1e-50 1e-50 1e-50 1e-50 1e-50 1e-50 1e-50 1e-50 1e-50 1e-50 1e-50 1e-50 1e-50 1e-50 1e-50 1e-50 1e-50 1e-50 1e-50 1e-50 1e-50 1e-50 0.767082
0.351617  700 0.00251148 -0.0943558 1.88934e-52 1e-50 1e-50 1e-50 0.232918 1e-50 1e-50 1e-50 1e-50 1e-50 1e-50 1e-50 1e-50 1e-50 1e-50 1e-50 1e-50 1e-50 1e-50 1e-50 1e-50 1e-50 1e-50 1e-50 1e-50 1e-50 1e-50 1e-50 1e-50 1e-50 1e-50 1e-50 1e-50 1e-50 1e-50 1e-50 1e-50 1e-50 1e-50 1e-50 1e-50 1e-50 1e-50 1e-50 1e-50 1e-50 1e-50 1e-50 1e-50 1e-50 1e-50 1e-50 1e-50 1e-50 1e-50 1e-50 1e-50 1e-50 1e-50 1e-50 1e-50 1e-50 1e-50 1e-50 1e-50 1e-50 1e-50 1e-50 1e-50 1e-50 1e-50 1e-50 1e-50 1e-50 1e-50 1e-50 1e-50 1e-50 1e-50 1e-50 1e-50 1e-50 1e-50 1e-50 1e-50 1e-50 1e-50 1e-50 0.767082
0.384328  700 0.00251148 -0.0789775 1.88934e-52 1e-50 1e-50 1e-50 0.232918 1e-50 1e-50 1e-50 1e-50 1e-50 1e-50 1e-50 1e-50 1e-50 1e-50 1e-50 1e-50 1e-50 1e-50 1e-50 1e-50 1e-50 1e-50 1e-50 1e-50 1e-50 1e-50 1e-50 1e-50 1e-50 1e-50 1e-50 1e-50 1e-50 1e-50 1e-50 1e-50 1e-50 1e-50 1e-50 1e-50 1e-50 1e-50 1e-50 1e-50 1e-50 1e-50 1e-50 1e-50 1e-50 1e-50 1e-50 1e-50 1e-50 1e-50 1e-50 1e-50 1e-50 1e-50 1e-50 1e-50 1e-50 1e-50 1e-50 1e-50 1e-50 1e-50 1e-50 1e-50 1e-50 1e-50 1e-50 1e-50 1e-50 1e-50 1e-50 1e-50 1e-50 1e-50 1e-50 1e-50 1e-50 1e-50 1e-50 1e-50 1e-50 1e-50 1e-50 0.767082
0.420786  700 0.00251148 -0.0658847 1.88934e-52 1e-50 1e-50 1e-50 0.232918 1e-50 1e-50 1e-50 1e-50 1e-50 1e-50 1e-50 1e-50 1e-50 1e-50 1e-50 1e-50 1e-50 1e-50 1e-50 1e-50 1e-50 1e-50 1e-50 1e-50 1e-50 1e-50 1e-50 1e-50 1e-50 1e-50 1e-50 1e-50 1e-50 1e-50 1e-50 1e-50 1e-50 1e-50 1e-50 1e-50 1e-50 1e-50 1e-50 1e-50 1e-50 1e-50 1e-50 1e-50 1e-50 1e-50 1e-50 1e-50 1e-50 1e-50 1e-50 1e-50 1e-50 1e-50 1e-50 1e-50 1e-50 1e-50 1e-50 1e-50 1e-50 1e-50 1e-50 1e-50 1e-50 1e-50 1e-50 1e-50 1e-50 1e-50 1e-50 1e-50 1e-50 1e-50 1e-50 1e-50 1e-50 1e-50 1e-50 1e-50 1e-50 1e-50 1e-50 0.767082
0.46142  700 0.00251148 -0.0547917 1.88934e-52 1e-50 1e-50 1e-50 0.232918 1e-50 1e-50 1e-50 1e-50 1e-50 1e-50 1e-50 1e-50 1e-50 1e-50 1e-50 1e-50 1e-50 1e-50 1e-50 1e-50 1e-50 1e-50 1e-50 1e-50 1e-50 1e-50 1e-50 1e-50 1e-50 1e-50 1e-50 1e-50 1e-50 1e-50 1e-50 1e-50 1e-50 1e-50 1e-50 1e-50 1e-50 1e-50 1e-50 1e-50 1e-50 1e-50 1e-50 1e-50 1e-50 1e-50 1e-50 1e-50 1e-50 1e-50 1e-50 1e-50 1e-50 1e-50 1e-50 1e-50 1e-50 1e-50 1e-50 1e-50 1e-50 1e-50 1e-50 1e-50 1e-50 1e-50 1e-50 1e-50 1e-50 1e-50 1e-50 1e-50 1e-50 1e-50 1e-50 1e-50 1e-50 1e-50 1e-50 1e-50 1e-50 1e-50 1e-50 0.767082
0.506707  700 0.00251148 -0.0454353 1.88934e-52 1e-50 1e-50 1e-50 0.232918 1e-50 1e-50 1e-50 1e-50 1e-50 1e-50 1e-50 1e-50 1e-50 1e-50 1e-50 1e-50 1e-50 1e-50 1e-50 1e-50 1e-50 1e-50 1e-50 1e-50 1e-50 1e-50 1e-50 1e-50 1e-50 1e-50 1e-50 1e-50 1e-50 1e-50 1e-50 1e-50 1e-50 1e-50 1e-50 1e-50 1e-50 1e-50 1e-50 1e-50 1e-50 1e-50 1e-50 1e-50 1e-50 1e-50 1e-50 1e-50 1e-50 1e-50 1e-50 1e-50 1e-50 1e-50 1e-50 1e-50 1e-50 1e-50 1e-50 1e-50 1e-50 1e-50 1e-50 1e-50 1e-50 1e-50 1e-50 1e-50 1e-50 1e-50 1e-50 1e-50 1e-50 1e-50 1e-50 1e-50 1e-50 1e-50 1e-50 1e-50 1e-50 1e-50 1e-50 0.767082
0.557182  700 0.00251148 -0.0375763 1.88934e-52 1e-50 1e-50 1e-50 0.232918 1e-50 1e-50 1e-50 1e-50 1e-50 1e-50 1e-50 1e-50 1e-50 1e-50 1e-50 1e-50 1e-50 1e-50 1e-50 1e-50 1e-50 1e-50 1e-50 1e-50 1e-50 1e-50 1e-50 1e-50 1e-50 1e-50 1e-50 1e-50 1e-50 1e-50 1e-50 1e-50 1e-50 1e-50 1e-50 1e-50 1e-50 1e-50 1e-50 1e-50 1e-50 1e-50 1e-50 1e-50 1e-50 1e-50 1e-50 1e-50 1e-50 1e-50 1e-50 1e-50 1e-50 1e-50 1e-50 1e-50 1e-50 1e-50 1e-50 1e-50 1e-50 1e-50 1e-50 1e-50 1e-50 1e-50 1e-50 1e-50 1e-50 1e-50 1e-50 1e-50 1e-50 1e-50 1e-50 1e-50 1e-50 1e-50 1e-50 1e-50 1e-50 1e-50 1e-50 0.767082
0.613437  700 0.00251148 -0.0310004 1.88934e-52 1e-50 1e-50 1e-50 0.232918 1e-50 1e-50 1e-50 1e-50 1e-50 1e-50 1e-50 1e-50 1e-50 1e-50 1e-50 1e-50 1e-50 1e-50 1e-50 1e-50 1e-50 1e-50 1e-50 1e-50 1e-50 1e-50 1e-50 1e-50 1e-50 1e-50 1e-50 1e-50 1e-50 1e-50 1e-50 1e-50 1e-50 1e-50 1e-50 1e-50 1e-50 1e-50 1e-50 1e-50 1e-50 1e-50 1e-50 1e-50 1e-50 1e-50 1e-50 1e-50 1e-50 1e-50 1e-50 1e-50 1e-50 1e-50 1e-50 1e-50 1e-50 1e-50 1e-50 1e-50 1e-50 1e-50 1e-50 1e-50 1e-50 1e-50 1e-50 1e-50 1e-50 1e-50 1e-50 1e-50 1e-50 1e-50 1e-50 1e-50 1e-50 1e-50 1e-50 1e-50 1e-50 1e-50 1e-50 0.767082
0.676135  700 0.00251148 -0.0255176 1.88934e-52 1e-50 1e-50 1e-50 0.232918 1e-50 1e-50 1e-50 1e-50 1e-50 1e-50 1e-50 1e-50 1e-50 1e-50 1e-50 1e-50 1e-50 1e-50 1e-50 1e-50 1e-50 1e-50 1e-50 1e-50 1e-50 1e-50 1e-50 1e-50 1e-50 1e-50 1e-50 1e-50 1e-50 1e-50 1e-50 1e-50 1e-50 1e-50 1e-50 1e-50 1e-50 1e-50 1e-50 1e-50 1e-50 1e-50 1e-50 1e-50 1e-50 1e-50 1e-50 1e-50 1e-50 1e-50 1e-50 1e-50 1e-50 1e-50 1e-50 1e-50 1e-50 1e-50 1e-50 1e-50 1e-50 1e-50 1e-50 1e-50 1e-50 1e-50 1e-50 1e-50 1e-50 1e-50 1e-50 1e-50 1e-50 1e-50 1e-50 1e-50 1e-50 1e-50 1e-50 1e-50 1e-50 1e-50 1e-50 0.767082
0.746015  700 0.00251148 -0.020961 1.88934e-52 1e-50 1e-50 1e-50 0.232918 1e-50 1e-50 1e-50 1e-50 1e-50 1e-50 1e-50 1e-50 1e-50 1e-50 1e-50 1e-50 1e-50 1e-50 1e-50 1e-50 1e-50 1e-50 1e-50 1e-50 1e-50 1e-50 1e-50 1e-50 1e-50 1e-50 1e-50 1e-50 1e-50 1e-50 1e-50 1e-50 1e-50 1e-50 1e-50 1e-50 1e-50 1e-50 1e-50 1e-50 1e-50 1e-50 1e-50 1e-50 1e-50 1e-50 1e-50 1e-50 1e-50 1e-50 1e-50 1e-50 1e-50 1e-50 1e-50 1e-50 1e-50 1e-50 1e-50 1e-50 1e-50 1e-50 1e-50 1e-50 1e-50 1e-50 1e-50 1e-50 1e-50 1e-50 1e-50 1e-50 1e-50 1e-50 1e-50 1e-50 1e-50 1e-50 1e-50 1e-50 1e-50 1e-50 1e-50 0.767082
0.823898  700 0.00251148 -0.0171855 1.88934e-52 1e-50 1e-50 1e-50 0.232918 1e-50 1e-50 1e-50 1e-50 1e-50 1e-50 1e-50 1e-50 1e-50 1e-50 1e-50 1e-50 1e-50 1e-50 1e-50 1e-50 1e-50 1e-50 1e-50 1e-50 1e-50 1e-50 1e-50 1e-50 1e-50 1e-50 1e-50 1e-50 1e-50 1e-50 1e-50 1e-50 1e-50 1e-50 1e-50 1e-50 1e-50 1e-50 1e-50 1e-50 1e-50 1e-50 1e-50 1e-50 1e-50 1e-50 1e-50 1e-50 1e-50 1e-50 1e-50 1e-50 1e-50 1e-50 1e-50 1e-50 1e-50 1e-50 1e-50 1e-50 1e-50 1e-50 1e-50 1e-50 1e-50 1e-50 1e-50 1e-50 1e-50 1e-50 1e-50 1e-50 1e-50 1e-50 1e-50 1e-50 1e-50 1e-50 1e-50 1e-50 1e-50 1e-50 1e-50 0.767082
0.9107  700 0.00251148 -0.0140655 1.88934e-52 1e-50 1e-50 1e-50 0.232918 1e-50 1e-50 1e-50 1e-50 1e-50 1e-50 1e-50 1e-50 1e-50 1e-50 1e-50 1e-50 1e-50 1e-50 1e-50 1e-50 1e-50 1e-50 1e-50 1e-50 1e-50 1e-50 1e-50 1e-50 1e-50 1e-50 1e-50 1e-50 1e-50 1e-50 1e-50 1e-50 1e-50 1e-50 1e-50 1e-50 1e-50 1e-50 1e-50 1e-50 1e-50 1e-50 1e-50 1e-50 1e-50 1e-50 1e-50 1e-50 1e-50 1e-50 1e-50 1e-50 1e-50 1e-50 1e-50 1e-50 1e-50 1e-50 1e-50 1e-50 1e-50 1e-50 1e-50 1e-50 1e-50 1e-50 1e-50 1e-50 1e-50 1e-50 1e-50 1e-50 1e-50 1e-50 1e-50 1e-50 1e-50 1e-50 1e-50 1e-50 1e-50 1e-50 1e-50 0.767082
1.00744  700 0.00251148 -0.0114938 1.88934e-52 1e-50 1e-50 1e-50 0.232918 1e-50 1e-50 1e-50 1e-50 1e-50 1e-50 1e-50 1e-50 1e-50 1e-50 1e-50 1e-50 1e-50 1e-50 1e-50 1e-50 1e-50 1e-50 1e-50 1e-50 1e-50 1e-50 1e-50 1e-50 1e-50 1e-50 1e-50 1e-50 1e-50 1e-50 1e-50 1e-50 1e-50 1e-50 1e-50 1e-50 1e-50 1e-50 1e-50 1e-50 1e-50 1e-50 1e-50 1e-50 1e-50 1e-50 1e-50 1e-50 1e-50 1e-50 1e-50 1e-50 1e-50 1e-50 1e-50 1e-50 1e-50 1e-50 1e-50 1e-50 1e-50 1e-50 1e-50 1e-50 1e-50 1e-50 1e-50 1e-50 1e-50 1e-50 1e-50 1e-50 1e-50 1e-50 1e-50 1e-50 1e-50 1e-50 1e-50 1e-50 1e-50 1e-50 1e-50 0.767082
1.11527  700 0.00251148 -0.00937881 1.88934e-52 1e-50 1e-50 1e-50 0.232918 1e-50 1e-50 1e-50 1e-50 1e-50 1e-50 1e-50 1e-50 1e-50 1e-50 1e-50 1e-50 1e-50 1e-50 1e-50 1e-50 1e-50 1e-50 1e-50 1e-50 1e-50 1e-50 1e-50 1e-50 1e-50 1e-50 1e-50 1e-50 1e-50 1e-50 1e-50 1e-50 1e-50 1e-50 1e-50 1e-50 1e-50 1e-50 1e-50 1e-50 1e-50 1e-50 1e-50 1e-50 1e-50 1e-50 1e-50 1e-50 1e-50 1e-50 1e-50 1e-50 1e-50 1e-50 1e-50 1e-50 1e-50 1e-50 1e-50 1e-50 1e-50 1e-50 1e-50 1e-50 1e-50 1e-50 1e-50 1e-50 1e-50 1e-50 1e-50 1e-50 1e-50 1e-50 1e-50 1e-50 1e-50 1e-50 1e-50 1e-50 1e-50 1e-50 1e-50 0.767082
1.23544  700 0.00251148 -0.00764296 1.88934e-52 1e-50 1e-50 1e-50 0.232918 1e-50 1e-50 1e-50 1e-50 1e-50 1e-50 1e-50 1e-50 1e-50 1e-50 1e-50 1e-50 1e-50 1e-50 1e-50 1e-50 1e-50 1e-50 1e-50 1e-50 1e-50 1e-50 1e-50 1e-50 1e-50 1e-50 1e-50 1e-50 1e-50 1e-50 1e-50 1e-50 1e-50 1e-50 1e-50 1e-50 1e-50 1e-50 1e-50 1e-50 1e-50 1e-50 1e-50 1e-50 1e-50 1e-50 1e-50 1e-50 1e-50 1e-50 1e-50 1e-50 1e-50 1e-50 1e-50 1e-50 1e-50 1e-50 1e-50 1e-50 1e-50 1e-50 1e-50 1e-50 1e-50 1e-50 1e-50 1e-50 1e-50 1e-50 1e-50 1e-50 1e-50 1e-50 1e-50 1e-50 1e-50 1e-50 1e-50 1e-50 1e-50 1e-50 1e-50 0.767082
1.36938  700 0.00251148 -0.00622097 1.88934e-52 1e-50 1e-50 1e-50 0.232918 1e-50 1e-50 1e-50 1e-50 1e-50 1e-50 1e-50 1e-50 1e-50 1e-50 1e-50 1e-50 1e-50 1e-50 1e-50 1e-50 1e-50 1e-50 1e-50 1e-50 1e-50 1e-50 1e-50 1e-50 1e-50 1e-50 1e-50 1e-50 1e-50 1e-50 1e-50 1e-50 1e-50 1e-50 1e-50 1e-50 1e-50 1e-50 1e-50 1e-50 1e-50 1e-50 1e-50 1e-50 1e-50 1e-50 1e-50 1e-50 1e-50 1e-50 1e-50 1e-50 1e-50 1e-50 1e-50 1e-50 1e-50 1e-50 1e-50 1e-50 1e-50 1e-50 1e-50 1e-50 1e-50 1e-50 1e-50 1e-50 1e-50 1e-50 1e-50 1e-50 1e-50 1e-50 1e-50 1e-50 1e-50 1e-50 1e-50 1e-50 1e-50 1e-50 1e-50 0.767082
1.51866  700 0.00251148 -0.00505809 1.88934e-52 1e-50 1e-50 1e-50 0.232918 1e-50 1e-50 1e-50 1e-50 1e-50 1e-50 1e-50 1e-50 1e-50 1e-50 1e-50 1e-50 1e-50 1e-50 1e-50 1e-50 1e-50 1e-50 1e-50 1e-50 1e-50 1e-50 1e-50 1e-50 1e-50 1e-50 1e-50 1e-50 1e-50 1e-50 1e-50 1e-50 1e-50 1e-50 1e-50 1e-50 1e-50 1e-50 1e-50 1e-50 1e-50 1e-50 1e-50 1e-50 1e-50 1e-50 1e-50 1e-50 1e-50 1e-50 1e-50 1e-50 1e-50 1e-50 1e-50 1e-50 1e-50 1e-50 1e-50 1e-50 1e-50 1e-50 1e-50 1e-50 1e-50 1e-50 1e-50 1e-50 1e-50 1e-50 1e-50 1e-50 1e-50 1e-50 1e-50 1e-50 1e-50 1e-50 1e-50 1e-50 1e-50 1e-50 1e-50 0.767082
1.68504  700 0.00251148 -0.00505809 1.88934e-52 1e-50 1e-50 1e-50 0.232918 1e-50 1e-50 1e-50 1e-50 1e-50 1e-50 1e-50 1e-50 1e-50 1e-50 1e-50 1e-50 1e-50 1e-50 1e-50 1e-50 1e-50 1e-50 1e-50 1e-50 1e-50 1e-50 1e-50 1e-50 1e-50 1e-50 1e-50 1e-50 1e-50 1e-50 1e-50 1e-50 1e-50 1e-50 1e-50 1e-50 1e-50 1e-50 1e-50 1e-50 1e-50 1e-50 1e-50 1e-50 1e-50 1e-50 1e-50 1e-50 1e-50 1e-50 1e-50 1e-50 1e-50 1e-50 1e-50 1e-50 1e-50 1e-50 1e-50 1e-50 1e-50 1e-50 1e-50 1e-50 1e-50 1e-50 1e-50 1e-50 1e-50 1e-50 1e-50 1e-50 1e-50 1e-50 1e-50 1e-50 1e-50 1e-50 1e-50 1e-50 1e-50 1e-50 1e-50 0.767082
