VARIABLES= "T, K", "Ld", "Pf", "Lambda", "Cp", "rho", "Cp_hept_g", "Lambda_hept_g", "H_hept_g"TITLE="Graphics"
203.356 413.945 -0 0.0015323 2.0257 0.679931 0.1404 5.60601e-05 -2015.7
206.711 412.287 -0 0.00152306 2.0304 0.679931 0.142606 5.81962e-05 -2011.75
210.067 410.678 -0 0.0015137 2.03511 0.679931 0.144803 6.03665e-05 -2007.74
213.423 409.108 -0 0.00150421 2.04082 0.679931 0.14699 6.25705e-05 -2003.67
216.779 407.568 -0 0.00149462 2.04652 0.679931 0.149168 6.48077e-05 -1999.54
220.134 406.053 -0 0.00148492 2.05226 0.679931 0.151336 6.70778e-05 -1995.35
223.49 404.554 -0 0.00147512 2.05863 0.679931 0.153495 6.93802e-05 -1991.1
226.846 403.065 -0 0.00146523 2.06501 0.679931 0.155644 7.17146e-05 -1986.79
230.201 401.581 -0 0.00145526 2.07146 0.679931 0.157783 7.40806e-05 -1982.41
233.557 400.095 -0 0.00144521 2.07918 0.679931 0.159914 7.64776e-05 -1977.98
236.913 398.602 -0 0.00143509 2.0869 0.679931 0.162034 7.89054e-05 -1973.49
240.268 397.099 -0 0.00142491 2.09467 0.679931 0.164146 8.13634e-05 -1968.94
243.624 395.581 -0 0.00141467 2.10306 0.679931 0.166248 8.38512e-05 -1964.33
246.98 394.044 -0 0.00140439 2.11145 0.679931 0.168341 8.63685e-05 -1959.66
250.336 392.485 0 0.00139406 2.11994 0.679931 0.170424 8.89148e-05 -1954.94
253.691 390.901 0 0.00138369 2.12934 0.679931 0.172499 9.14898e-05 -1950.15
257.047 389.289 0 0.00137329 2.13873 0.679931 0.174564 9.4093e-05 -1945.31
260.403 387.648 0 0.00136287 2.14821 0.679931 0.17662 9.6724e-05 -1940.41
263.758 385.976 0 0.00135243 2.15828 0.679931 0.178667 9.93825e-05 -1935.46
267.114 384.27 0 0.00134197 2.16834 0.679931 0.180704 0.000102068 -1930.44
270.47 382.531 0 0.0013315 2.17855 0.679931 0.182733 0.00010478 -1925.38
273.826 380.756 0 0.00132103 2.18962 0.679931 0.184753 0.000107519 -1920.25
277.181 378.946 0 0.00131055 2.2007 0.679931 0.186763 0.000110283 -1915.07
280.537 377.099 0 0.00130008 2.21193 0.679931 0.188765 0.000113073 -1909.83
283.893 375.217 0 0.00128962 2.22401 0.679931 0.190758 0.000115888 -1904.53
287.248 373.298 0 0.00127917 2.23609 0.679931 0.192741 0.000118728 -1899.18
290.604 371.343 0 0.00126873 2.2483 0.679931 0.194716 0.000121592 -1893.78
293.96 369.353 0 0.00125831 2.26105 0.679931 0.196682 0.00012448 -1888.32
297.315 367.328 0 0.00124791 2.2738 0.679931 0.19864 0.000127392 -1882.8
300.671 365.27 0 0.00123753 2.28668 0.679931 0.200588 0.000130328 -1877.24
304.027 363.178 0 0.00122717 2.30011 0.679931 0.202528 0.000133286 -1871.61
307.383 361.055 0 0.00121684 2.31353 0.679931 0.204459 0.000136267 -1865.93
310.738 358.9 0 0.00120654 2.32703 0.679931 0.206381 0.000139271 -1860.2
314.094 356.717 0 0.00119627 2.34079 0.679931 0.208295 0.000142296 -1854.42
317.45 354.505 0 0.00118602 2.35454 0.679931 0.2102 0.000145343 -1848.58
320.805 352.267 0 0.0011758 2.36854 0.679931 0.212096 0.000148412 -1842.69
324.161 350.004 0 0.00116561 2.38331 0.679931 0.213984 0.000151501 -1836.75
327.517 347.716 0 0.00115545 2.39807 0.679931 0.215863 0.000154612 -1830.75
330.872 345.407 0 0.00114532 2.41301 0.679931 0.217734 0.000157742 -1824.7
334.228 343.076 0 0.00113522 2.42845 0.679931 0.219597 0.000160893 -1818.6
337.584 340.727 0 0.00112514 2.44389 0.679931 0.22145 0.000164063 -1812.45
340.94 338.359 0 0.00111509 2.45942 0.679931 0.223296 0.000167253 -1806.24
344.295 335.975 0 0.00110507 2.47519 0.679931 0.225133 0.000170462 -1799.99
347.651 333.575 0 0.00109506 2.49096 0.679931 0.226962 0.00017369 -1793.68
351.007 331.161 0 0.00108508 2.50683 0.679931 0.228782 0.000176937 -1787.32
354.362 328.734 0 0.00107511 2.52294 0.679931 0.230595 0.000180202 -1780.92
357.718 326.295 0 0.00106516 2.53905 0.679931 0.232398 0.000183485 -1774.46
361.074 323.844 0 0.00105522 2.55537 0.679931 0.234194 0.000186785 -1767.95
364.43 321.383 0 0.00104529 2.57215 0.679931 0.235982 0.000190103 -1761.39
367.785 318.911 0 0.00103537 2.58893 0.679931 0.237761 0.000193438 -1754.78
371.141 316.43 0 0.00102545 2.60593 0.679931 0.239532 0.00019679 -1748.12
374.497 313.938 0 0.00101553 2.62338 0.679931 0.241295 0.000200159 -1741.42
377.852 311.436 0 0.00100562 2.64083 0.679931 0.24305 0.000203544 -1734.66
381.208 308.923 0 0.000995694 2.65828 0.679931 0.244797 0.000206946 -1727.85
384.564 306.4 0 0.000985764 2.67573 0.679931 0.246536 0.000210363 -1721
387.919 303.864 0 0.000975823 2.69318 0.679931 0.248267 0.000213795 -1714.1
391.275 301.314 0 0.000965869 2.71101 0.679931 0.24999 0.000217243 -1707.15
394.631 298.75 0 0.000955897 2.72947 0.679931 0.251705 0.000220707 -1700.15
397.987 296.169 0 0.000945906 2.74793 0.679931 0.253412 0.000224185 -1693.1
401.342 293.569 0 0.000935893 2.76652 0.679931 0.255111 0.000227677 -1686.01
404.698 290.947 0 0.000925854 2.78531 0.679931 0.256803 0.000231184 -1678.87
408.054 288.301 0 0.000915788 2.8041 0.679931 0.258487 0.000234706 -1671.68
411.409 285.626 0 0.000905692 2.82317 0.679931 0.260162 0.000238241 -1664.45
414.765 282.92 0 0.000895565 2.84264 0.679931 0.261831 0.000241789 -1657.16
418.121 280.178 0 0.000885405 2.8621 0.679931 0.263491 0.000245352 -1649.84
421.477 277.396 0 0.000875211 2.88186 0.679931 0.265144 0.000248927 -1642.46
424.832 274.568 0 0.000864981 2.90199 0.679931 0.266789 0.000252516 -1635.04
428.188 271.689 0 0.000854716 2.92213 0.679931 0.268426 0.000256117 -1627.57
431.544 268.753 0 0.000844414 2.94303 0.679931 0.270056 0.000259731 -1620.06
434.899 265.753 0 0.000834077 2.96485 0.679931 0.271678 0.000263357 -1612.51
438.255 262.683 0 0.000823704 2.98666 0.679931 0.273293 0.000266996 -1604.9
441.611 259.534 0 0.000813298 3.00911 0.679931 0.2749 0.000270646 -1597.26
444.966 256.299 0 0.00080286 3.03227 0.679931 0.2765 0.000274308 -1589.56
448.322 252.968 0 0.000792393 3.05542 0.679931 0.278092 0.000277982 -1581.83
451.678 249.533 0 0.000781899 3.07992 0.679931 0.279677 0.000281667 -1574.05
455.034 245.983 0 0.000771383 3.10576 0.679931 0.281254 0.000285364 -1566.22
458.389 242.308 0 0.000760848 3.1316 0.679931 0.282824 0.000289071 -1558.35
461.745 238.496 0 0.000750301 3.15953 0.679931 0.284387 0.000292789 -1550.44
465.101 234.537 0 0.000739745 3.1894 0.679931 0.285942 0.000296518 -1542.49
468.456 230.416 0 0.00072919 3.21926 0.679931 0.28749 0.000300257 -1534.49
471.812 226.122 0 0.000718641 3.25239 0.679931 0.289031 0.000304006 -1526.44
475.168 221.64 0 0.000708107 3.2883 0.679931 0.290564 0.000307765 -1518.36
478.523 216.954 0 0.000697597 3.3242 0.679931 0.292091 0.000311535 -1510.23
481.879 212.051 0 0.000687121 3.36631 0.679931 0.29361 0.000315314 -1502.06
485.235 206.914 0 0.000676691 3.41329 0.679931 0.295122 0.000319102 -1493.85
488.591 201.525 0 0.000666317 3.46027 0.679931 0.296627 0.0003229 -1485.59
491.946 195.868 0 0.000656014 3.52009 0.679931 0.298125 0.000326707 -1477.3
495.302 189.923 0 0.000645795 3.58922 0.679931 0.299615 0.000330523 -1468.96
498.658 183.671 0 0.000635674 3.65835 0.679931 0.301099 0.000334348 -1460.58
502.013 177.092 0 0.000625669 3.7607 0.679931 0.302576 0.000338181 -1452.16
505.369 170.165 0 0.000615795 3.88519 0.679931 0.304045 0.000342023 -1443.7
508.725 162.868 0 0.000606072 4.00969 0.679931 0.305508 0.000345874 -1435.19
512.081 155.178 0 0.000596518 4.26984 0.679931 0.306964 0.000349732 -1426.65
515.436 147.071 0 0.000587154 4.61313 0.679931 0.308413 0.000353599 -1418.06
518.792 138.524 0 0.000578001 4.95642 0.679931 0.309855 0.000357474 -1409.44
522.148 129.509 0 0.000569082 0 0.679931 0.31129 0.000361356 -1400.78
525.503 120 0 0.000560421 0 0.679931 0.312719 0.000365246 -1392.07
528.859 109.971 0 0.000552043 0 0.679931 0.31414 0.000369144 -1383.33
532.215 99.3923 0 0.000543974 0 0.679931 0.315555 0.000373048 -1374.54
535.57 88.2343 0 0.000536241 0 0.679931 0.316963 0.00037696 -1365.72
538.926 76.4667 0 0.000528873 0 0.679931 0.318365 0.000380879 -1356.86
542.282 64.0579 0 0.000521899 0 0.679931 0.31976 0.000384805 -1347.95
545.638 50.9751 0 0.000515351 0 0.679931 0.321148 0.000388738 -1339.01
548.993 37.1847 0 0.00050926 0 0.679931 0.322529 0.000392677 -1330.03
552.349 22.6518 0 0.000503659 0 0.679931 0.323904 0.000396623 -1321.02
555.705 7.34056 0 0.000498583 0 0.679931 0.325272 0.000400575 -1311.96
559.06 -8.78616 0 0.000494067 0 0.679931 0.326634 0.000404534 -1302.87
562.416 -25.7665 0 0.000490147 0 0.679931 0.327989 0.000408498 -1293.74
565.772 -43.6399 0 0.000486862 0 0.679931 0.329338 0.000412469 -1284.57
569.128 -62.4468 0 0.000484248 0 0.679931 0.33068 0.000416445 -1275.36
572.483 -82.229 0 0.000482347 0 0.679931 0.332016 0.000420427 -1266.11
575.839 -103.029 0 0.000481198 0 0.679931 0.333346 0.000424415 -1256.83
579.195 -124.892 0 0.000480843 0 0.679931 0.334669 0.000428408 -1247.51
582.55 -147.862 0 0.000481325 0 0.679931 0.335985 0.000432406 -1238.16
585.906 -171.987 0 0.000482685 0 0.679931 0.337296 0.00043641 -1228.77
589.262 -197.314 0 0.000484968 0 0.679931 0.3386 0.000440419 -1219.34
592.617 -223.893 0 0.00048822 0 0.679931 0.339897 0.000444433 -1209.87
595.973 -251.773 0 0.000492484 0 0.679931 0.341189 0.000448452 -1200.37
599.329 -281.007 0 0.000497807 0 0.679931 0.342474 0.000452475 -1190.84
602.685 -311.649 0 0.000504235 0 0.679931 0.343753 0.000456503 -1181.26
606.04 -343.752 0 0.000511814 0 0.679931 0.345026 0.000460536 -1171.65
609.396 -377.372 0 0.000520593 0 0.679931 0.346293 0.000464574 -1162.01
612.752 -412.567 0 0.000530618 0 0.679931 0.347553 0.000468615 -1152.33
616.107 -449.396 0 0.000541936 0 0.679931 0.348808 0.000472661 -1142.62
619.463 -487.918 0 0.000554596 0 0.679931 0.350056 0.000476711 -1132.87
622.819 -528.195 0 0.000568645 0 0.679931 0.351299 0.000480766 -1123.09
626.174 -570.291 0 0.000584129 0 0.679931 0.352535 0.000484824 -1113.27
629.53 -614.269 0 0.000601097 0 0.679931 0.353765 0.000488886 -1103.41
632.886 -660.196 0 0.000619594 0 0.679931 0.35499 0.000492951 -1093.53
636.242 -708.14 0 0.000639667 0 0.679931 0.356208 0.000497021 -1083.61
639.597 -758.168 0 0.000661361 0 0.679931 0.357421 0.000501094 -1073.65
642.953 -810.352 0 0.00068472 0 0.679931 0.358627 0.00050517 -1063.66
646.309 -864.764 0 0.000709789 0 0.679931 0.359828 0.00050925 -1053.64
649.664 -921.478 0 0.000736609 0 0.679931 0.361023 0.000513333 -1043.59
653.02 -980.569 0 0.000765222 0 0.679931 0.362212 0.000517419 -1033.5
656.376 -1042.11 0 0.000795666 0 0.679931 0.363395 0.000521508 -1023.37
659.732 -1106.19 0 0.000827981 0 0.679931 0.364573 0.000525601 -1013.22
663.087 -1172.88 0 0.000862201 0 0.679931 0.365744 0.000529696 -1003.03
666.443 -1242.26 0 0.000898361 0 0.679931 0.36691 0.000533794 -992.812
669.799 -1314.42 0 0.000936491 0 0.679931 0.368071 0.000537895 -982.559
673.154 -1389.45 0 0.000976622 0 0.679931 0.369225 0.000541999 -972.274
676.51 -1467.42 0 0.00101878 0 0.679931 0.370374 0.000546105 -961.957
679.866 -1548.43 0 0.00106299 0 0.679931 0.371518 0.000550213 -951.607
683.221 -1632.57 0 0.00110926 0 0.679931 0.372656 0.000554325 -941.226
686.577 -1719.93 0 0.00115762 0 0.679931 0.373788 0.000558438 -930.814
689.933 -1810.61 0 0.00120809 0 0.679931 0.374914 0.000562554 -920.37
693.289 -1904.69 0 0.00126065 0 0.679931 0.376036 0.000566672 -909.894
696.644 -2002.29 0 0.00131533 0 0.679931 0.377151 0.000570792 -899.387
700 -2103.49 0 0.00137213 0 0.679931 0.378261 0.000574914 -888.85
