TITLE="Graphics"
VARIABLES= "r, cm", "h, cm"0.00110294 0.000735293
0.00183824 0.0007353
0.00257353 0.00073529
0.00330882 0.00073529
0.00404412 0.0007353
0.00477941 0.00073529
0.00551471 0.0007353
0.00625 0.00073529
0.00698529 0.00073529
0.00772059 0.0007353
0.00845588 0.00073529
0.00919118 0.0007353
0.00992647 0.00073529
0.0106618 0.00073533
0.0113971 0.0007353
0.0121324 0.0007353
0.0128676 0.0007352
0.0136029 0.0007353
0.0143382 0.0007353
0.0150735 0.0007353
0.0158088 0.0007353
0.0165441 0.0007353
0.0172794 0.0007353
0.0180147 0.0007353
0.01875 0.0007353
0.0194853 0.0007353
0.0202206 0.0007353
0.0209559 0.0007353
0.0216912 0.0007353
0.0224265 0.0007353
0.0231618 0.0007353
0.0238971 0.0007353
0.0246324 0.0007353
0.0253676 0.0007352
0.0261029 0.0007353
0.0268382 0.0007353
0.0275735 0.0007353
0.0283088 0.0007353
0.0290441 0.0007353
0.0297794 0.0007353
0.0305147 0.0007353
0.03125 0.0007353
0.0319853 0.0007353
0.0327206 0.0007353
0.0334559 0.0007353
0.0341912 0.0007353
0.0349265 0.0007353
0.0356618 0.0007353
0.0363971 0.0007353
0.0371324 0.0007353
0.0378676 0.0007352
0.0386029 0.0007353
0.0393382 0.0007353
0.0400735 0.0007353
0.0408088 0.0007353
0.0415441 0.0007353
0.0422794 0.0007353
0.0430147 0.0007353
0.04375 0.0007353
0.0444853 0.0007353
0.0452206 0.0007353
0.0459559 0.0007353
0.0466912 0.0007353
0.0474265 0.0007353
0.0481618 0.0007353
0.0488971 0.0007353
0.0496324 0.0007353
0.0503676 0.0007352
0.0511029 0.0007353
0.0518382 0.0007353
0.0525735 0.0007353
0.0533088 0.0007353
0.0540441 0.0007353
0.0547794 0.0007353
0.0555147 0.0007353
0.05625 0.0007353
0.0569853 0.0007353
0.0577206 0.0007353
0.0584559 0.0007353
0.0591912 0.0007353
0.0599265 0.0007353
0.0606618 0.0007353
0.0613971 0.0007353
0.0621324 0.0007353
0.0628676 0.0007352
0.0636029 0.0007353
0.0643382 0.0007353
0.0650735 0.0007353
0.0658088 0.0007353
0.0665441 0.0007353
0.0672794 0.0007353
0.0680147 0.0007353
0.06875 0.0007353
0.0694853 0.0007353
0.0702206 0.0007353
0.0709559 0.0007353
0.0716912 0.0007353
0.0724265 0.0007353
0.0731618 0.0007353
0.0739826 0.0008208
0.0748991 0.0009165
0.0759222 0.0010231
0.0770644 0.0011422
0.0783395 0.0012751
0.0797631 0.0014236
0.0813524 0.0015893
0.0831267 0.0017743
0.0851075 0.0019808
0.0873189 0.0022114
0.0897877 0.0024688
0.0925438 0.0027561
0.0956208 0.003077
0.0990559 0.0034351
0.102891 0.0038351
0.107172 0.004281
0.111952 0.00478
0.117288 0.005336
0.123245 0.005957
0.129896 0.006651
0.137321 0.007425
0.14561 0.008289
0.154864 0.009254
0.165195 0.010331
0.176729 0.011534
0.189605 0.012876
0.20398 0.014375
0.220028 0.016048
0.237944 0.017916
0.257946 0.020002
0.280276 0.02233
0.305205 0.024929
0.333036 0.027831
0.364106 0.03107
0.398793 0.034687
0.437518 0.038725
0.48075 0.043232
0.529015 0.048265
0.582897 0.053882
0.643052 0.060155
0.710209 0.067157
0.785182 0.074973
0.868883 0.083701
0.962327 0.093444
1.06665 0.104323
1.18311 0.11646
1.31313 0.13002
1.45829 0.14516
1.62034 0.16205
1.80125 0.18091
