VARIABLES= "t, s", "T"
TITLE="Graphics"
0.00014937106918238996 940.8602150537636
0.00014937106918238996 940.8602150537636
0.00039308176100628944 946.2365591397852
0.0007625786163522011 935.4838709677424
0.001257861635220126 935.4838709677424
0.0019339622641509435 930.1075268817203
0.002138364779874213 924.7311827956987
0.002279874213836478 951.6129032258068
0.0025078616352201253 994.6236559139784
0.002712264150943396 1086.021505376344
0.002838050314465409 1150.5376344086021
0.002987421383647799 1166.6666666666667
0.003176100628930817 1182.7956989247314
0.0033883647798742134 1209.6774193548388
0.0035927672955974837 1258.0645161290324
0.003734276729559748 1317.2043010752689
0.003812893081761006 1387.0967741935483
0.0038522012578616344 1467.7419354838707
0.0038757861635220128 1526.8817204301074
0.003883647798742138 1618.2795698924729
0.003883647798742138 1741.9354838709676
0.0038915094339622646 1924.7311827956985
0.003883647798742138 2252.6881720430106
0.0038915094339622646 2543.0107526881716
0.003970125786163521 2575.268817204301
0.004174528301886793 2596.7741935483864
0.004394654088050314 2623.655913978494
0.004677672955974842 2645.1612903225805
0.005039308176100628 2666.666666666666
0.0053537735849056595 2677.4193548387093
0.005039308176100628 2666.666666666666
0.0053537735849056595 2677.4193548387093
