VARIABLES= "t, s", "D^2"
TITLE="Graphics"
9.81e-05 1788.6365999999994
0.0001981 1779.6401999999998
0.0002981 1770.8669999999995
0.0003981 1762.1513999999995
0.0004981 1753.4285999999997
0.0005981 1744.6643999999997
0.0006981 1735.8389999999995
0.0007981 1726.7489999999993
0.0008981 1717.7759999999994
0.0009981 1708.7075999999997
0.0010981 1699.5384
0.0011981 1690.2629999999995
0.0012981 1680.874199999999
0.0013981 1671.3683999999996
0.0014981 1661.7455999999997
0.0015981 1651.8725999999997
0.0016981 1642.0229999999997
0.0017981 1632.0527999999997
0.0018981 1621.9655999999998
0.0019981 1611.7577999999996
0.0020981 1601.4347999999998
0.0021981 1590.9983999999995
0.0022981 1580.2631999999994
0.0023981 1569.6089999999997
0.0024981 1558.8449999999998
0.0025981 1547.9765999999993
0.0026981 1537.0019999999997
0.0027981 1525.9301999999998
0.0028981 1514.5631999999996
0.0029981 1503.3005999999996
0.0030981 1491.9407999999996
0.0031981 1480.4909999999995
0.0032981 1468.9529999999997
0.0033981 1457.1197999999995
0.0034981 1445.4161999999997
0.0035981 1433.6279999999992
0.0036981 1421.7587999999996
0.0037981 1409.8121999999996
0.0038981 1397.7899999999997
0.0039981 1385.5625999999997
0.0040981 1373.3927999999996
0.0041981 1361.1509999999996
0.0042981 1348.8389999999997
0.0043981 1336.4621999999997
0.0044981 1323.8549999999996
0.0045981 1311.3431999999998
0.0046981 1298.7215999999996
0.0047981 1286.0801999999996
0.0048981 1273.3793999999996
0.0049981 1260.4733999999996
0.0050981 1247.7275999999997
0.0051981 1234.8431999999993
0.0052981 1221.9011999999998
0.0053981 1208.7701999999997
0.0054981 1195.7129999999997
0.0055981 1182.5963999999997
0.0056981 1169.4239999999998
0.0057981 1156.1975999999997
0.0058981 1142.7533999999996
0.0059981 1129.4135999999996
0.0060981 1116.0215999999998
0.0061981 1102.5755999999997
0.0062981 1088.8667999999996
0.0063981 1075.3182
0.0064981 1061.7155999999998
0.0065981 1048.0626
0.0066981 1034.1917999999998
0.0067981 1020.4379999999996
0.0068981 1006.6337999999998
0.0069981 992.7827999999998
0.0070981 978.7733999999998
0.0071981 964.8269999999997
0.0072981 950.8337999999997
0.0073981 936.7937999999998
0.0074981 922.4873999999999
0.0075981 908.3609999999998
0.0076981 894.1895999999997
0.0077981 879.8183999999999
0.0078981 865.4669999999998
0.0079981 851.1731999999998
0.0080981 836.8397999999999
0.0081981 822.3498
0.0082981 807.9425999999997
0.0083981 793.5011999999998