TITLE="Graphics"
VARIABLES= "r, cm", "T, K", "rho, g/cm3", "u, cm/s", "vel, cm/s", "Y_H", "Y_H2", "Y_O", "Y_O2", "Y_OH", "Y_H2O", "Y_CO", "Y_HCO", "Y_CO2", "Y_CH3", "Y_CH4", "Y_HO2", "Y_H2O2", "Y_CH2O", "Y_CH3O", "Y_C2H6", "Y_C2H4", "Y_C2H5", "Y_C2H2", "Y_C2H3", "Y_CH2CO", "Y_HCCO", "Y_CH3CO", "Y_CH2CHO", "Y_CH3CHO", "Y_C3H4-A", "Y_C3H6", "Y_C4H6", "Y_NC3H7", "Y_C4H7", "Y_C4H8-1", "Y_PC4H9", "Y_CH3COCH2", "Y_C2H5CHO", "Y_C2H5CO", "Y_C5H9", "Y_C5H10-1", "Y_C2H5O", "Y_CH3O2", "Y_CH3O2H", "Y_C2H3CO", "Y_C2H3CHO", "Y_C3H5O", "Y_C4H7O", "Y_C4H8OOH1-3O2", "Y_C4H8OOH1-3", "Y_PC4H9O2", "Y_C3H5-A", "Y_C3H3", "Y_C3H2", "Y_CH2(S)", "Y_NC4KET13", "Y_NC3H7CHO", "Y_NC3H7CO", "Y_C2H5COCH2", "Y_NC3H7COCH2", "Y_NC4H9CHO", "Y_NC4H9CO", "Y_NC7H16", "Y_C7H15-1", "Y_C7H15-2", "Y_C7H15-3", "Y_C7H15-4", "Y_C7H14-2", "Y_C7H14-3", "Y_C7H15O2-1", "Y_C7H15O2-2", "Y_C7H15O2-3", "Y_C7H15O2-4", "Y_C7H14OOH1-3", "Y_C7H14OOH2-3", "Y_C7H14OOH2-4", "Y_C7H14OOH3-2", "Y_C7H14OOH3-4", "Y_C7H14OOH3-5", "Y_C7H14OOH4-2", "Y_C7H14OOH4-3", "Y_C7H14OOH1-3O2", "Y_C7H14OOH2-4O2", "Y_C7H14OOH3-5O2", "Y_C7H14OOH4-2O2", "Y_C7H14O1-3", "Y_C7H14O2-4", "Y_NC7KET13", "Y_NC7KET24", "Y_NC7KET35", "Y_NC7KET42", "Y_N2"
0.000367647  300 0.0113156 -8.4668e-24 2.57713e-52 1e-50 1e-50 1e-50 0.232918 1e-50 1e-50 1e-50 1e-50 1e-50 1e-50 1e-50 1e-50 1e-50 1e-50 1e-50 1e-50 1e-50 1e-50 1e-50 1e-50 1e-50 1e-50 1e-50 1e-50 1e-50 1e-50 1e-50 1e-50 1e-50 1e-50 1e-50 1e-50 1e-50 1e-50 1e-50 1e-50 1e-50 1e-50 1e-50 1e-50 1e-50 1e-50 1e-50 1e-50 1e-50 1e-50 1e-50 1e-50 1e-50 1e-50 1e-50 1e-50 1e-50 1e-50 1e-50 1e-50 1e-50 1e-50 0 1e-50 1e-50 1e-50 1e-50 1e-50 1e-50 1e-50 1e-50 1e-50 1e-50 1e-50 1e-50 1e-50 1e-50 1e-50 1e-50 1e-50 1e-50 1e-50 1e-50 1e-50 1e-50 1e-50 1e-50 1e-50 1e-50 1e-50 1e-50 0.767082
0.00110294  300 0.0113156 -8.4668e-24 2.57713e-52 1e-50 1e-50 1e-50 0.232918 1e-50 1e-50 1e-50 1e-50 1e-50 1e-50 1e-50 1e-50 1e-50 1e-50 1e-50 1e-50 1e-50 1e-50 1e-50 1e-50 1e-50 1e-50 1e-50 1e-50 1e-50 1e-50 1e-50 1e-50 1e-50 1e-50 1e-50 1e-50 1e-50 1e-50 1e-50 1e-50 1e-50 1e-50 1e-50 1e-50 1e-50 1e-50 1e-50 1e-50 1e-50 1e-50 1e-50 1e-50 1e-50 1e-50 1e-50 1e-50 1e-50 1e-50 1e-50 1e-50 1e-50 1e-50 0 1e-50 1e-50 1e-50 1e-50 1e-50 1e-50 1e-50 1e-50 1e-50 1e-50 1e-50 1e-50 1e-50 1e-50 1e-50 1e-50 1e-50 1e-50 1e-50 1e-50 1e-50 1e-50 1e-50 1e-50 1e-50 1e-50 1e-50 1e-50 0.767082
0.00183824  300 0.0113156 -8.4668e-24 2.57713e-52 1e-50 1e-50 1e-50 0.232918 1e-50 1e-50 1e-50 1e-50 1e-50 1e-50 1e-50 1e-50 1e-50 1e-50 1e-50 1e-50 1e-50 1e-50 1e-50 1e-50 1e-50 1e-50 1e-50 1e-50 1e-50 1e-50 1e-50 1e-50 1e-50 1e-50 1e-50 1e-50 1e-50 1e-50 1e-50 1e-50 1e-50 1e-50 1e-50 1e-50 1e-50 1e-50 1e-50 1e-50 1e-50 1e-50 1e-50 1e-50 1e-50 1e-50 1e-50 1e-50 1e-50 1e-50 1e-50 1e-50 1e-50 1e-50 0 1e-50 1e-50 1e-50 1e-50 1e-50 1e-50 1e-50 1e-50 1e-50 1e-50 1e-50 1e-50 1e-50 1e-50 1e-50 1e-50 1e-50 1e-50 1e-50 1e-50 1e-50 1e-50 1e-50 1e-50 1e-50 1e-50 1e-50 1e-50 0.767082
0.00257353  300 0.0113156 -8.4668e-24 2.57713e-52 1e-50 1e-50 1e-50 0.232918 1e-50 1e-50 1e-50 1e-50 1e-50 1e-50 1e-50 1e-50 1e-50 1e-50 1e-50 1e-50 1e-50 1e-50 1e-50 1e-50 1e-50 1e-50 1e-50 1e-50 1e-50 1e-50 1e-50 1e-50 1e-50 1e-50 1e-50 1e-50 1e-50 1e-50 1e-50 1e-50 1e-50 1e-50 1e-50 1e-50 1e-50 1e-50 1e-50 1e-50 1e-50 1e-50 1e-50 1e-50 1e-50 1e-50 1e-50 1e-50 1e-50 1e-50 1e-50 1e-50 1e-50 1e-50 0 1e-50 1e-50 1e-50 1e-50 1e-50 1e-50 1e-50 1e-50 1e-50 1e-50 1e-50 1e-50 1e-50 1e-50 1e-50 1e-50 1e-50 1e-50 1e-50 1e-50 1e-50 1e-50 1e-50 1e-50 1e-50 1e-50 1e-50 1e-50 0.767082
0.00330882  300 0.0113156 -8.4668e-24 2.57713e-52 1e-50 1e-50 1e-50 0.232918 1e-50 1e-50 1e-50 1e-50 1e-50 1e-50 1e-50 1e-50 1e-50 1e-50 1e-50 1e-50 1e-50 1e-50 1e-50 1e-50 1e-50 1e-50 1e-50 1e-50 1e-50 1e-50 1e-50 1e-50 1e-50 1e-50 1e-50 1e-50 1e-50 1e-50 1e-50 1e-50 1e-50 1e-50 1e-50 1e-50 1e-50 1e-50 1e-50 1e-50 1e-50 1e-50 1e-50 1e-50 1e-50 1e-50 1e-50 1e-50 1e-50 1e-50 1e-50 1e-50 1e-50 1e-50 0 1e-50 1e-50 1e-50 1e-50 1e-50 1e-50 1e-50 1e-50 1e-50 1e-50 1e-50 1e-50 1e-50 1e-50 1e-50 1e-50 1e-50 1e-50 1e-50 1e-50 1e-50 1e-50 1e-50 1e-50 1e-50 1e-50 1e-50 1e-50 0.767082
0.00404412  300 0.0113156 -8.4668e-24 2.57713e-52 1e-50 1e-50 1e-50 0.232918 1e-50 1e-50 1e-50 1e-50 1e-50 1e-50 1e-50 1e-50 1e-50 1e-50 1e-50 1e-50 1e-50 1e-50 1e-50 1e-50 1e-50 1e-50 1e-50 1e-50 1e-50 1e-50 1e-50 1e-50 1e-50 1e-50 1e-50 1e-50 1e-50 1e-50 1e-50 1e-50 1e-50 1e-50 1e-50 1e-50 1e-50 1e-50 1e-50 1e-50 1e-50 1e-50 1e-50 1e-50 1e-50 1e-50 1e-50 1e-50 1e-50 1e-50 1e-50 1e-50 1e-50 1e-50 0 1e-50 1e-50 1e-50 1e-50 1e-50 1e-50 1e-50 1e-50 1e-50 1e-50 1e-50 1e-50 1e-50 1e-50 1e-50 1e-50 1e-50 1e-50 1e-50 1e-50 1e-50 1e-50 1e-50 1e-50 1e-50 1e-50 1e-50 1e-50 0.767082
0.00477941  300 0.0113156 -8.4668e-24 2.57713e-52 1e-50 1e-50 1e-50 0.232918 1e-50 1e-50 1e-50 1e-50 1e-50 1e-50 1e-50 1e-50 1e-50 1e-50 1e-50 1e-50 1e-50 1e-50 1e-50 1e-50 1e-50 1e-50 1e-50 1e-50 1e-50 1e-50 1e-50 1e-50 1e-50 1e-50 1e-50 1e-50 1e-50 1e-50 1e-50 1e-50 1e-50 1e-50 1e-50 1e-50 1e-50 1e-50 1e-50 1e-50 1e-50 1e-50 1e-50 1e-50 1e-50 1e-50 1e-50 1e-50 1e-50 1e-50 1e-50 1e-50 1e-50 1e-50 0 1e-50 1e-50 1e-50 1e-50 1e-50 1e-50 1e-50 1e-50 1e-50 1e-50 1e-50 1e-50 1e-50 1e-50 1e-50 1e-50 1e-50 1e-50 1e-50 1e-50 1e-50 1e-50 1e-50 1e-50 1e-50 1e-50 1e-50 1e-50 0.767082
0.00551471  300 0.0113156 -8.4668e-24 2.57713e-52 1e-50 1e-50 1e-50 0.232918 1e-50 1e-50 1e-50 1e-50 1e-50 1e-50 1e-50 1e-50 1e-50 1e-50 1e-50 1e-50 1e-50 1e-50 1e-50 1e-50 1e-50 1e-50 1e-50 1e-50 1e-50 1e-50 1e-50 1e-50 1e-50 1e-50 1e-50 1e-50 1e-50 1e-50 1e-50 1e-50 1e-50 1e-50 1e-50 1e-50 1e-50 1e-50 1e-50 1e-50 1e-50 1e-50 1e-50 1e-50 1e-50 1e-50 1e-50 1e-50 1e-50 1e-50 1e-50 1e-50 1e-50 1e-50 0 1e-50 1e-50 1e-50 1e-50 1e-50 1e-50 1e-50 1e-50 1e-50 1e-50 1e-50 1e-50 1e-50 1e-50 1e-50 1e-50 1e-50 1e-50 1e-50 1e-50 1e-50 1e-50 1e-50 1e-50 1e-50 1e-50 1e-50 1e-50 0.767082
0.00625  300 0.0113156 -8.4668e-24 2.57713e-52 1e-50 1e-50 1e-50 0.232918 1e-50 1e-50 1e-50 1e-50 1e-50 1e-50 1e-50 1e-50 1e-50 1e-50 1e-50 1e-50 1e-50 1e-50 1e-50 1e-50 1e-50 1e-50 1e-50 1e-50 1e-50 1e-50 1e-50 1e-50 1e-50 1e-50 1e-50 1e-50 1e-50 1e-50 1e-50 1e-50 1e-50 1e-50 1e-50 1e-50 1e-50 1e-50 1e-50 1e-50 1e-50 1e-50 1e-50 1e-50 1e-50 1e-50 1e-50 1e-50 1e-50 1e-50 1e-50 1e-50 1e-50 1e-50 0 1e-50 1e-50 1e-50 1e-50 1e-50 1e-50 1e-50 1e-50 1e-50 1e-50 1e-50 1e-50 1e-50 1e-50 1e-50 1e-50 1e-50 1e-50 1e-50 1e-50 1e-50 1e-50 1e-50 1e-50 1e-50 1e-50 1e-50 1e-50 0.767082
0.00698529  300 0.0113156 -8.4668e-24 2.57713e-52 1e-50 1e-50 1e-50 0.232918 1e-50 1e-50 1e-50 1e-50 1e-50 1e-50 1e-50 1e-50 1e-50 1e-50 1e-50 1e-50 1e-50 1e-50 1e-50 1e-50 1e-50 1e-50 1e-50 1e-50 1e-50 1e-50 1e-50 1e-50 1e-50 1e-50 1e-50 1e-50 1e-50 1e-50 1e-50 1e-50 1e-50 1e-50 1e-50 1e-50 1e-50 1e-50 1e-50 1e-50 1e-50 1e-50 1e-50 1e-50 1e-50 1e-50 1e-50 1e-50 1e-50 1e-50 1e-50 1e-50 1e-50 1e-50 0 1e-50 1e-50 1e-50 1e-50 1e-50 1e-50 1e-50 1e-50 1e-50 1e-50 1e-50 1e-50 1e-50 1e-50 1e-50 1e-50 1e-50 1e-50 1e-50 1e-50 1e-50 1e-50 1e-50 1e-50 1e-50 1e-50 1e-50 1e-50 0.767082
0.00772059  300 0.0113156 -8.4668e-24 2.57713e-52 1e-50 1e-50 1e-50 0.232918 1e-50 1e-50 1e-50 1e-50 1e-50 1e-50 1e-50 1e-50 1e-50 1e-50 1e-50 1e-50 1e-50 1e-50 1e-50 1e-50 1e-50 1e-50 1e-50 1e-50 1e-50 1e-50 1e-50 1e-50 1e-50 1e-50 1e-50 1e-50 1e-50 1e-50 1e-50 1e-50 1e-50 1e-50 1e-50 1e-50 1e-50 1e-50 1e-50 1e-50 1e-50 1e-50 1e-50 1e-50 1e-50 1e-50 1e-50 1e-50 1e-50 1e-50 1e-50 1e-50 1e-50 1e-50 0 1e-50 1e-50 1e-50 1e-50 1e-50 1e-50 1e-50 1e-50 1e-50 1e-50 1e-50 1e-50 1e-50 1e-50 1e-50 1e-50 1e-50 1e-50 1e-50 1e-50 1e-50 1e-50 1e-50 1e-50 1e-50 1e-50 1e-50 1e-50 0.767082
0.00845588  300 0.0113156 -8.4668e-24 2.57713e-52 1e-50 1e-50 1e-50 0.232918 1e-50 1e-50 1e-50 1e-50 1e-50 1e-50 1e-50 1e-50 1e-50 1e-50 1e-50 1e-50 1e-50 1e-50 1e-50 1e-50 1e-50 1e-50 1e-50 1e-50 1e-50 1e-50 1e-50 1e-50 1e-50 1e-50 1e-50 1e-50 1e-50 1e-50 1e-50 1e-50 1e-50 1e-50 1e-50 1e-50 1e-50 1e-50 1e-50 1e-50 1e-50 1e-50 1e-50 1e-50 1e-50 1e-50 1e-50 1e-50 1e-50 1e-50 1e-50 1e-50 1e-50 1e-50 0 1e-50 1e-50 1e-50 1e-50 1e-50 1e-50 1e-50 1e-50 1e-50 1e-50 1e-50 1e-50 1e-50 1e-50 1e-50 1e-50 1e-50 1e-50 1e-50 1e-50 1e-50 1e-50 1e-50 1e-50 1e-50 1e-50 1e-50 1e-50 0.767082
0.00919118  300 0.0113156 -8.4668e-24 2.57713e-52 1e-50 1e-50 1e-50 0.232918 1e-50 1e-50 1e-50 1e-50 1e-50 1e-50 1e-50 1e-50 1e-50 1e-50 1e-50 1e-50 1e-50 1e-50 1e-50 1e-50 1e-50 1e-50 1e-50 1e-50 1e-50 1e-50 1e-50 1e-50 1e-50 1e-50 1e-50 1e-50 1e-50 1e-50 1e-50 1e-50 1e-50 1e-50 1e-50 1e-50 1e-50 1e-50 1e-50 1e-50 1e-50 1e-50 1e-50 1e-50 1e-50 1e-50 1e-50 1e-50 1e-50 1e-50 1e-50 1e-50 1e-50 1e-50 0 1e-50 1e-50 1e-50 1e-50 1e-50 1e-50 1e-50 1e-50 1e-50 1e-50 1e-50 1e-50 1e-50 1e-50 1e-50 1e-50 1e-50 1e-50 1e-50 1e-50 1e-50 1e-50 1e-50 1e-50 1e-50 1e-50 1e-50 1e-50 0.767082
0.00992647  300 0.0113156 -8.4668e-24 2.57713e-52 1e-50 1e-50 1e-50 0.232918 1e-50 1e-50 1e-50 1e-50 1e-50 1e-50 1e-50 1e-50 1e-50 1e-50 1e-50 1e-50 1e-50 1e-50 1e-50 1e-50 1e-50 1e-50 1e-50 1e-50 1e-50 1e-50 1e-50 1e-50 1e-50 1e-50 1e-50 1e-50 1e-50 1e-50 1e-50 1e-50 1e-50 1e-50 1e-50 1e-50 1e-50 1e-50 1e-50 1e-50 1e-50 1e-50 1e-50 1e-50 1e-50 1e-50 1e-50 1e-50 1e-50 1e-50 1e-50 1e-50 1e-50 1e-50 0 1e-50 1e-50 1e-50 1e-50 1e-50 1e-50 1e-50 1e-50 1e-50 1e-50 1e-50 1e-50 1e-50 1e-50 1e-50 1e-50 1e-50 1e-50 1e-50 1e-50 1e-50 1e-50 1e-50 1e-50 1e-50 1e-50 1e-50 1e-50 0.767082
0.0106618  300 0.0113156 -8.4668e-24 2.57713e-52 1e-50 1e-50 1e-50 0.232918 1e-50 1e-50 1e-50 1e-50 1e-50 1e-50 1e-50 1e-50 1e-50 1e-50 1e-50 1e-50 1e-50 1e-50 1e-50 1e-50 1e-50 1e-50 1e-50 1e-50 1e-50 1e-50 1e-50 1e-50 1e-50 1e-50 1e-50 1e-50 1e-50 1e-50 1e-50 1e-50 1e-50 1e-50 1e-50 1e-50 1e-50 1e-50 1e-50 1e-50 1e-50 1e-50 1e-50 1e-50 1e-50 1e-50 1e-50 1e-50 1e-50 1e-50 1e-50 1e-50 1e-50 1e-50 0 1e-50 1e-50 1e-50 1e-50 1e-50 1e-50 1e-50 1e-50 1e-50 1e-50 1e-50 1e-50 1e-50 1e-50 1e-50 1e-50 1e-50 1e-50 1e-50 1e-50 1e-50 1e-50 1e-50 1e-50 1e-50 1e-50 1e-50 1e-50 0.767082
0.0113971  300 0.0113156 -8.4668e-24 2.57713e-52 1e-50 1e-50 1e-50 0.232918 1e-50 1e-50 1e-50 1e-50 1e-50 1e-50 1e-50 1e-50 1e-50 1e-50 1e-50 1e-50 1e-50 1e-50 1e-50 1e-50 1e-50 1e-50 1e-50 1e-50 1e-50 1e-50 1e-50 1e-50 1e-50 1e-50 1e-50 1e-50 1e-50 1e-50 1e-50 1e-50 1e-50 1e-50 1e-50 1e-50 1e-50 1e-50 1e-50 1e-50 1e-50 1e-50 1e-50 1e-50 1e-50 1e-50 1e-50 1e-50 1e-50 1e-50 1e-50 1e-50 1e-50 1e-50 0 1e-50 1e-50 1e-50 1e-50 1e-50 1e-50 1e-50 1e-50 1e-50 1e-50 1e-50 1e-50 1e-50 1e-50 1e-50 1e-50 1e-50 1e-50 1e-50 1e-50 1e-50 1e-50 1e-50 1e-50 1e-50 1e-50 1e-50 1e-50 0.767082
0.0121324  300 0.0113156 -8.4668e-24 2.57713e-52 1e-50 1e-50 1e-50 0.232918 1e-50 1e-50 1e-50 1e-50 1e-50 1e-50 1e-50 1e-50 1e-50 1e-50 1e-50 1e-50 1e-50 1e-50 1e-50 1e-50 1e-50 1e-50 1e-50 1e-50 1e-50 1e-50 1e-50 1e-50 1e-50 1e-50 1e-50 1e-50 1e-50 1e-50 1e-50 1e-50 1e-50 1e-50 1e-50 1e-50 1e-50 1e-50 1e-50 1e-50 1e-50 1e-50 1e-50 1e-50 1e-50 1e-50 1e-50 1e-50 1e-50 1e-50 1e-50 1e-50 1e-50 1e-50 0 1e-50 1e-50 1e-50 1e-50 1e-50 1e-50 1e-50 1e-50 1e-50 1e-50 1e-50 1e-50 1e-50 1e-50 1e-50 1e-50 1e-50 1e-50 1e-50 1e-50 1e-50 1e-50 1e-50 1e-50 1e-50 1e-50 1e-50 1e-50 0.767082
0.0128676  300 0.0113156 -8.4668e-24 2.57713e-52 1e-50 1e-50 1e-50 0.232918 1e-50 1e-50 1e-50 1e-50 1e-50 1e-50 1e-50 1e-50 1e-50 1e-50 1e-50 1e-50 1e-50 1e-50 1e-50 1e-50 1e-50 1e-50 1e-50 1e-50 1e-50 1e-50 1e-50 1e-50 1e-50 1e-50 1e-50 1e-50 1e-50 1e-50 1e-50 1e-50 1e-50 1e-50 1e-50 1e-50 1e-50 1e-50 1e-50 1e-50 1e-50 1e-50 1e-50 1e-50 1e-50 1e-50 1e-50 1e-50 1e-50 1e-50 1e-50 1e-50 1e-50 1e-50 0 1e-50 1e-50 1e-50 1e-50 1e-50 1e-50 1e-50 1e-50 1e-50 1e-50 1e-50 1e-50 1e-50 1e-50 1e-50 1e-50 1e-50 1e-50 1e-50 1e-50 1e-50 1e-50 1e-50 1e-50 1e-50 1e-50 1e-50 1e-50 0.767082
0.0136029  300 0.0113156 -8.4668e-24 2.57713e-52 1e-50 1e-50 1e-50 0.232918 1e-50 1e-50 1e-50 1e-50 1e-50 1e-50 1e-50 1e-50 1e-50 1e-50 1e-50 1e-50 1e-50 1e-50 1e-50 1e-50 1e-50 1e-50 1e-50 1e-50 1e-50 1e-50 1e-50 1e-50 1e-50 1e-50 1e-50 1e-50 1e-50 1e-50 1e-50 1e-50 1e-50 1e-50 1e-50 1e-50 1e-50 1e-50 1e-50 1e-50 1e-50 1e-50 1e-50 1e-50 1e-50 1e-50 1e-50 1e-50 1e-50 1e-50 1e-50 1e-50 1e-50 1e-50 0 1e-50 1e-50 1e-50 1e-50 1e-50 1e-50 1e-50 1e-50 1e-50 1e-50 1e-50 1e-50 1e-50 1e-50 1e-50 1e-50 1e-50 1e-50 1e-50 1e-50 1e-50 1e-50 1e-50 1e-50 1e-50 1e-50 1e-50 1e-50 0.767082
0.0143382  300 0.0113156 -8.4668e-24 2.57713e-52 1e-50 1e-50 1e-50 0.232918 1e-50 1e-50 1e-50 1e-50 1e-50 1e-50 1e-50 1e-50 1e-50 1e-50 1e-50 1e-50 1e-50 1e-50 1e-50 1e-50 1e-50 1e-50 1e-50 1e-50 1e-50 1e-50 1e-50 1e-50 1e-50 1e-50 1e-50 1e-50 1e-50 1e-50 1e-50 1e-50 1e-50 1e-50 1e-50 1e-50 1e-50 1e-50 1e-50 1e-50 1e-50 1e-50 1e-50 1e-50 1e-50 1e-50 1e-50 1e-50 1e-50 1e-50 1e-50 1e-50 1e-50 1e-50 0 1e-50 1e-50 1e-50 1e-50 1e-50 1e-50 1e-50 1e-50 1e-50 1e-50 1e-50 1e-50 1e-50 1e-50 1e-50 1e-50 1e-50 1e-50 1e-50 1e-50 1e-50 1e-50 1e-50 1e-50 1e-50 1e-50 1e-50 1e-50 0.767082
0.0150735  300 0.0113156 -8.4668e-24 2.57713e-52 1e-50 1e-50 1e-50 0.232918 1e-50 1e-50 1e-50 1e-50 1e-50 1e-50 1e-50 1e-50 1e-50 1e-50 1e-50 1e-50 1e-50 1e-50 1e-50 1e-50 1e-50 1e-50 1e-50 1e-50 1e-50 1e-50 1e-50 1e-50 1e-50 1e-50 1e-50 1e-50 1e-50 1e-50 1e-50 1e-50 1e-50 1e-50 1e-50 1e-50 1e-50 1e-50 1e-50 1e-50 1e-50 1e-50 1e-50 1e-50 1e-50 1e-50 1e-50 1e-50 1e-50 1e-50 1e-50 1e-50 1e-50 1e-50 0 1e-50 1e-50 1e-50 1e-50 1e-50 1e-50 1e-50 1e-50 1e-50 1e-50 1e-50 1e-50 1e-50 1e-50 1e-50 1e-50 1e-50 1e-50 1e-50 1e-50 1e-50 1e-50 1e-50 1e-50 1e-50 1e-50 1e-50 1e-50 0.767082
0.0158088  300 0.0113156 -8.4668e-24 2.57713e-52 1e-50 1e-50 1e-50 0.232918 1e-50 1e-50 1e-50 1e-50 1e-50 1e-50 1e-50 1e-50 1e-50 1e-50 1e-50 1e-50 1e-50 1e-50 1e-50 1e-50 1e-50 1e-50 1e-50 1e-50 1e-50 1e-50 1e-50 1e-50 1e-50 1e-50 1e-50 1e-50 1e-50 1e-50 1e-50 1e-50 1e-50 1e-50 1e-50 1e-50 1e-50 1e-50 1e-50 1e-50 1e-50 1e-50 1e-50 1e-50 1e-50 1e-50 1e-50 1e-50 1e-50 1e-50 1e-50 1e-50 1e-50 1e-50 0 1e-50 1e-50 1e-50 1e-50 1e-50 1e-50 1e-50 1e-50 1e-50 1e-50 1e-50 1e-50 1e-50 1e-50 1e-50 1e-50 1e-50 1e-50 1e-50 1e-50 1e-50 1e-50 1e-50 1e-50 1e-50 1e-50 1e-50 1e-50 0.767082
0.0165441  300 0.0113156 -8.4668e-24 2.57713e-52 1e-50 1e-50 1e-50 0.232918 1e-50 1e-50 1e-50 1e-50 1e-50 1e-50 1e-50 1e-50 1e-50 1e-50 1e-50 1e-50 1e-50 1e-50 1e-50 1e-50 1e-50 1e-50 1e-50 1e-50 1e-50 1e-50 1e-50 1e-50 1e-50 1e-50 1e-50 1e-50 1e-50 1e-50 1e-50 1e-50 1e-50 1e-50 1e-50 1e-50 1e-50 1e-50 1e-50 1e-50 1e-50 1e-50 1e-50 1e-50 1e-50 1e-50 1e-50 1e-50 1e-50 1e-50 1e-50 1e-50 1e-50 1e-50 0 1e-50 1e-50 1e-50 1e-50 1e-50 1e-50 1e-50 1e-50 1e-50 1e-50 1e-50 1e-50 1e-50 1e-50 1e-50 1e-50 1e-50 1e-50 1e-50 1e-50 1e-50 1e-50 1e-50 1e-50 1e-50 1e-50 1e-50 1e-50 0.767082
0.0172794  300 0.0113156 -8.4668e-24 2.57713e-52 1e-50 1e-50 1e-50 0.232918 1e-50 1e-50 1e-50 1e-50 1e-50 1e-50 1e-50 1e-50 1e-50 1e-50 1e-50 1e-50 1e-50 1e-50 1e-50 1e-50 1e-50 1e-50 1e-50 1e-50 1e-50 1e-50 1e-50 1e-50 1e-50 1e-50 1e-50 1e-50 1e-50 1e-50 1e-50 1e-50 1e-50 1e-50 1e-50 1e-50 1e-50 1e-50 1e-50 1e-50 1e-50 1e-50 1e-50 1e-50 1e-50 1e-50 1e-50 1e-50 1e-50 1e-50 1e-50 1e-50 1e-50 1e-50 0 1e-50 1e-50 1e-50 1e-50 1e-50 1e-50 1e-50 1e-50 1e-50 1e-50 1e-50 1e-50 1e-50 1e-50 1e-50 1e-50 1e-50 1e-50 1e-50 1e-50 1e-50 1e-50 1e-50 1e-50 1e-50 1e-50 1e-50 1e-50 0.767082
0.0180147  300 0.0113156 -8.4668e-24 2.57713e-52 1e-50 1e-50 1e-50 0.232918 1e-50 1e-50 1e-50 1e-50 1e-50 1e-50 1e-50 1e-50 1e-50 1e-50 1e-50 1e-50 1e-50 1e-50 1e-50 1e-50 1e-50 1e-50 1e-50 1e-50 1e-50 1e-50 1e-50 1e-50 1e-50 1e-50 1e-50 1e-50 1e-50 1e-50 1e-50 1e-50 1e-50 1e-50 1e-50 1e-50 1e-50 1e-50 1e-50 1e-50 1e-50 1e-50 1e-50 1e-50 1e-50 1e-50 1e-50 1e-50 1e-50 1e-50 1e-50 1e-50 1e-50 1e-50 0 1e-50 1e-50 1e-50 1e-50 1e-50 1e-50 1e-50 1e-50 1e-50 1e-50 1e-50 1e-50 1e-50 1e-50 1e-50 1e-50 1e-50 1e-50 1e-50 1e-50 1e-50 1e-50 1e-50 1e-50 1e-50 1e-50 1e-50 1e-50 0.767082
0.01875  300 0.0113156 -8.4668e-24 2.57713e-52 1e-50 1e-50 1e-50 0.232918 1e-50 1e-50 1e-50 1e-50 1e-50 1e-50 1e-50 1e-50 1e-50 1e-50 1e-50 1e-50 1e-50 1e-50 1e-50 1e-50 1e-50 1e-50 1e-50 1e-50 1e-50 1e-50 1e-50 1e-50 1e-50 1e-50 1e-50 1e-50 1e-50 1e-50 1e-50 1e-50 1e-50 1e-50 1e-50 1e-50 1e-50 1e-50 1e-50 1e-50 1e-50 1e-50 1e-50 1e-50 1e-50 1e-50 1e-50 1e-50 1e-50 1e-50 1e-50 1e-50 1e-50 1e-50 0 1e-50 1e-50 1e-50 1e-50 1e-50 1e-50 1e-50 1e-50 1e-50 1e-50 1e-50 1e-50 1e-50 1e-50 1e-50 1e-50 1e-50 1e-50 1e-50 1e-50 1e-50 1e-50 1e-50 1e-50 1e-50 1e-50 1e-50 1e-50 0.767082
0.0194853  300 0.0113156 -8.4668e-24 2.57713e-52 1e-50 1e-50 1e-50 0.232918 1e-50 1e-50 1e-50 1e-50 1e-50 1e-50 1e-50 1e-50 1e-50 1e-50 1e-50 1e-50 1e-50 1e-50 1e-50 1e-50 1e-50 1e-50 1e-50 1e-50 1e-50 1e-50 1e-50 1e-50 1e-50 1e-50 1e-50 1e-50 1e-50 1e-50 1e-50 1e-50 1e-50 1e-50 1e-50 1e-50 1e-50 1e-50 1e-50 1e-50 1e-50 1e-50 1e-50 1e-50 1e-50 1e-50 1e-50 1e-50 1e-50 1e-50 1e-50 1e-50 1e-50 1e-50 0 1e-50 1e-50 1e-50 1e-50 1e-50 1e-50 1e-50 1e-50 1e-50 1e-50 1e-50 1e-50 1e-50 1e-50 1e-50 1e-50 1e-50 1e-50 1e-50 1e-50 1e-50 1e-50 1e-50 1e-50 1e-50 1e-50 1e-50 1e-50 0.767082
0.0202206  300 0.0113156 -8.4668e-24 2.57713e-52 1e-50 1e-50 1e-50 0.232918 1e-50 1e-50 1e-50 1e-50 1e-50 1e-50 1e-50 1e-50 1e-50 1e-50 1e-50 1e-50 1e-50 1e-50 1e-50 1e-50 1e-50 1e-50 1e-50 1e-50 1e-50 1e-50 1e-50 1e-50 1e-50 1e-50 1e-50 1e-50 1e-50 1e-50 1e-50 1e-50 1e-50 1e-50 1e-50 1e-50 1e-50 1e-50 1e-50 1e-50 1e-50 1e-50 1e-50 1e-50 1e-50 1e-50 1e-50 1e-50 1e-50 1e-50 1e-50 1e-50 1e-50 1e-50 0 1e-50 1e-50 1e-50 1e-50 1e-50 1e-50 1e-50 1e-50 1e-50 1e-50 1e-50 1e-50 1e-50 1e-50 1e-50 1e-50 1e-50 1e-50 1e-50 1e-50 1e-50 1e-50 1e-50 1e-50 1e-50 1e-50 1e-50 1e-50 0.767082
0.0209559  300 0.0113156 -8.4668e-24 2.57713e-52 1e-50 1e-50 1e-50 0.232918 1e-50 1e-50 1e-50 1e-50 1e-50 1e-50 1e-50 1e-50 1e-50 1e-50 1e-50 1e-50 1e-50 1e-50 1e-50 1e-50 1e-50 1e-50 1e-50 1e-50 1e-50 1e-50 1e-50 1e-50 1e-50 1e-50 1e-50 1e-50 1e-50 1e-50 1e-50 1e-50 1e-50 1e-50 1e-50 1e-50 1e-50 1e-50 1e-50 1e-50 1e-50 1e-50 1e-50 1e-50 1e-50 1e-50 1e-50 1e-50 1e-50 1e-50 1e-50 1e-50 1e-50 1e-50 0 1e-50 1e-50 1e-50 1e-50 1e-50 1e-50 1e-50 1e-50 1e-50 1e-50 1e-50 1e-50 1e-50 1e-50 1e-50 1e-50 1e-50 1e-50 1e-50 1e-50 1e-50 1e-50 1e-50 1e-50 1e-50 1e-50 1e-50 1e-50 0.767082
0.0216912  300 0.0113156 -8.4668e-24 2.57713e-52 1e-50 1e-50 1e-50 0.232918 1e-50 1e-50 1e-50 1e-50 1e-50 1e-50 1e-50 1e-50 1e-50 1e-50 1e-50 1e-50 1e-50 1e-50 1e-50 1e-50 1e-50 1e-50 1e-50 1e-50 1e-50 1e-50 1e-50 1e-50 1e-50 1e-50 1e-50 1e-50 1e-50 1e-50 1e-50 1e-50 1e-50 1e-50 1e-50 1e-50 1e-50 1e-50 1e-50 1e-50 1e-50 1e-50 1e-50 1e-50 1e-50 1e-50 1e-50 1e-50 1e-50 1e-50 1e-50 1e-50 1e-50 1e-50 0 1e-50 1e-50 1e-50 1e-50 1e-50 1e-50 1e-50 1e-50 1e-50 1e-50 1e-50 1e-50 1e-50 1e-50 1e-50 1e-50 1e-50 1e-50 1e-50 1e-50 1e-50 1e-50 1e-50 1e-50 1e-50 1e-50 1e-50 1e-50 0.767082
0.0224265  300 0.0113156 -8.4668e-24 2.57713e-52 1e-50 1e-50 1e-50 0.232918 1e-50 1e-50 1e-50 1e-50 1e-50 1e-50 1e-50 1e-50 1e-50 1e-50 1e-50 1e-50 1e-50 1e-50 1e-50 1e-50 1e-50 1e-50 1e-50 1e-50 1e-50 1e-50 1e-50 1e-50 1e-50 1e-50 1e-50 1e-50 1e-50 1e-50 1e-50 1e-50 1e-50 1e-50 1e-50 1e-50 1e-50 1e-50 1e-50 1e-50 1e-50 1e-50 1e-50 1e-50 1e-50 1e-50 1e-50 1e-50 1e-50 1e-50 1e-50 1e-50 1e-50 1e-50 0 1e-50 1e-50 1e-50 1e-50 1e-50 1e-50 1e-50 1e-50 1e-50 1e-50 1e-50 1e-50 1e-50 1e-50 1e-50 1e-50 1e-50 1e-50 1e-50 1e-50 1e-50 1e-50 1e-50 1e-50 1e-50 1e-50 1e-50 1e-50 0.767082
0.0231618  300 0.0113156 -8.4668e-24 2.57713e-52 1e-50 1e-50 1e-50 0.232918 1e-50 1e-50 1e-50 1e-50 1e-50 1e-50 1e-50 1e-50 1e-50 1e-50 1e-50 1e-50 1e-50 1e-50 1e-50 1e-50 1e-50 1e-50 1e-50 1e-50 1e-50 1e-50 1e-50 1e-50 1e-50 1e-50 1e-50 1e-50 1e-50 1e-50 1e-50 1e-50 1e-50 1e-50 1e-50 1e-50 1e-50 1e-50 1e-50 1e-50 1e-50 1e-50 1e-50 1e-50 1e-50 1e-50 1e-50 1e-50 1e-50 1e-50 1e-50 1e-50 1e-50 1e-50 0 1e-50 1e-50 1e-50 1e-50 1e-50 1e-50 1e-50 1e-50 1e-50 1e-50 1e-50 1e-50 1e-50 1e-50 1e-50 1e-50 1e-50 1e-50 1e-50 1e-50 1e-50 1e-50 1e-50 1e-50 1e-50 1e-50 1e-50 1e-50 0.767082
0.0238971  300 0.0113156 -8.4668e-24 2.57713e-52 1e-50 1e-50 1e-50 0.232918 1e-50 1e-50 1e-50 1e-50 1e-50 1e-50 1e-50 1e-50 1e-50 1e-50 1e-50 1e-50 1e-50 1e-50 1e-50 1e-50 1e-50 1e-50 1e-50 1e-50 1e-50 1e-50 1e-50 1e-50 1e-50 1e-50 1e-50 1e-50 1e-50 1e-50 1e-50 1e-50 1e-50 1e-50 1e-50 1e-50 1e-50 1e-50 1e-50 1e-50 1e-50 1e-50 1e-50 1e-50 1e-50 1e-50 1e-50 1e-50 1e-50 1e-50 1e-50 1e-50 1e-50 1e-50 0 1e-50 1e-50 1e-50 1e-50 1e-50 1e-50 1e-50 1e-50 1e-50 1e-50 1e-50 1e-50 1e-50 1e-50 1e-50 1e-50 1e-50 1e-50 1e-50 1e-50 1e-50 1e-50 1e-50 1e-50 1e-50 1e-50 1e-50 1e-50 0.767082
0.0246324  300 0.0113156 -8.4668e-24 2.57713e-52 1e-50 1e-50 1e-50 0.232918 1e-50 1e-50 1e-50 1e-50 1e-50 1e-50 1e-50 1e-50 1e-50 1e-50 1e-50 1e-50 1e-50 1e-50 1e-50 1e-50 1e-50 1e-50 1e-50 1e-50 1e-50 1e-50 1e-50 1e-50 1e-50 1e-50 1e-50 1e-50 1e-50 1e-50 1e-50 1e-50 1e-50 1e-50 1e-50 1e-50 1e-50 1e-50 1e-50 1e-50 1e-50 1e-50 1e-50 1e-50 1e-50 1e-50 1e-50 1e-50 1e-50 1e-50 1e-50 1e-50 1e-50 1e-50 0 1e-50 1e-50 1e-50 1e-50 1e-50 1e-50 1e-50 1e-50 1e-50 1e-50 1e-50 1e-50 1e-50 1e-50 1e-50 1e-50 1e-50 1e-50 1e-50 1e-50 1e-50 1e-50 1e-50 1e-50 1e-50 1e-50 1e-50 1e-50 0.767082
0.0253676  300 0.0113156 -8.4668e-24 2.57713e-52 1e-50 1e-50 1e-50 0.232918 1e-50 1e-50 1e-50 1e-50 1e-50 1e-50 1e-50 1e-50 1e-50 1e-50 1e-50 1e-50 1e-50 1e-50 1e-50 1e-50 1e-50 1e-50 1e-50 1e-50 1e-50 1e-50 1e-50 1e-50 1e-50 1e-50 1e-50 1e-50 1e-50 1e-50 1e-50 1e-50 1e-50 1e-50 1e-50 1e-50 1e-50 1e-50 1e-50 1e-50 1e-50 1e-50 1e-50 1e-50 1e-50 1e-50 1e-50 1e-50 1e-50 1e-50 1e-50 1e-50 1e-50 1e-50 0 1e-50 1e-50 1e-50 1e-50 1e-50 1e-50 1e-50 1e-50 1e-50 1e-50 1e-50 1e-50 1e-50 1e-50 1e-50 1e-50 1e-50 1e-50 1e-50 1e-50 1e-50 1e-50 1e-50 1e-50 1e-50 1e-50 1e-50 1e-50 0.767082
0.0261029  300 0.0113156 -8.4668e-24 2.57713e-52 1e-50 1e-50 1e-50 0.232918 1e-50 1e-50 1e-50 1e-50 1e-50 1e-50 1e-50 1e-50 1e-50 1e-50 1e-50 1e-50 1e-50 1e-50 1e-50 1e-50 1e-50 1e-50 1e-50 1e-50 1e-50 1e-50 1e-50 1e-50 1e-50 1e-50 1e-50 1e-50 1e-50 1e-50 1e-50 1e-50 1e-50 1e-50 1e-50 1e-50 1e-50 1e-50 1e-50 1e-50 1e-50 1e-50 1e-50 1e-50 1e-50 1e-50 1e-50 1e-50 1e-50 1e-50 1e-50 1e-50 1e-50 1e-50 0 1e-50 1e-50 1e-50 1e-50 1e-50 1e-50 1e-50 1e-50 1e-50 1e-50 1e-50 1e-50 1e-50 1e-50 1e-50 1e-50 1e-50 1e-50 1e-50 1e-50 1e-50 1e-50 1e-50 1e-50 1e-50 1e-50 1e-50 1e-50 0.767082
0.0268382  300 0.0113156 -8.4668e-24 2.57713e-52 1e-50 1e-50 1e-50 0.232918 1e-50 1e-50 1e-50 1e-50 1e-50 1e-50 1e-50 1e-50 1e-50 1e-50 1e-50 1e-50 1e-50 1e-50 1e-50 1e-50 1e-50 1e-50 1e-50 1e-50 1e-50 1e-50 1e-50 1e-50 1e-50 1e-50 1e-50 1e-50 1e-50 1e-50 1e-50 1e-50 1e-50 1e-50 1e-50 1e-50 1e-50 1e-50 1e-50 1e-50 1e-50 1e-50 1e-50 1e-50 1e-50 1e-50 1e-50 1e-50 1e-50 1e-50 1e-50 1e-50 1e-50 1e-50 0 1e-50 1e-50 1e-50 1e-50 1e-50 1e-50 1e-50 1e-50 1e-50 1e-50 1e-50 1e-50 1e-50 1e-50 1e-50 1e-50 1e-50 1e-50 1e-50 1e-50 1e-50 1e-50 1e-50 1e-50 1e-50 1e-50 1e-50 1e-50 0.767082
0.0275735  300 0.0113156 -8.4668e-24 2.57713e-52 1e-50 1e-50 1e-50 0.232918 1e-50 1e-50 1e-50 1e-50 1e-50 1e-50 1e-50 1e-50 1e-50 1e-50 1e-50 1e-50 1e-50 1e-50 1e-50 1e-50 1e-50 1e-50 1e-50 1e-50 1e-50 1e-50 1e-50 1e-50 1e-50 1e-50 1e-50 1e-50 1e-50 1e-50 1e-50 1e-50 1e-50 1e-50 1e-50 1e-50 1e-50 1e-50 1e-50 1e-50 1e-50 1e-50 1e-50 1e-50 1e-50 1e-50 1e-50 1e-50 1e-50 1e-50 1e-50 1e-50 1e-50 1e-50 0 1e-50 1e-50 1e-50 1e-50 1e-50 1e-50 1e-50 1e-50 1e-50 1e-50 1e-50 1e-50 1e-50 1e-50 1e-50 1e-50 1e-50 1e-50 1e-50 1e-50 1e-50 1e-50 1e-50 1e-50 1e-50 1e-50 1e-50 1e-50 0.767082
0.0283088  300 0.0113156 -8.4668e-24 2.57713e-52 1e-50 1e-50 1e-50 0.232918 1e-50 1e-50 1e-50 1e-50 1e-50 1e-50 1e-50 1e-50 1e-50 1e-50 1e-50 1e-50 1e-50 1e-50 1e-50 1e-50 1e-50 1e-50 1e-50 1e-50 1e-50 1e-50 1e-50 1e-50 1e-50 1e-50 1e-50 1e-50 1e-50 1e-50 1e-50 1e-50 1e-50 1e-50 1e-50 1e-50 1e-50 1e-50 1e-50 1e-50 1e-50 1e-50 1e-50 1e-50 1e-50 1e-50 1e-50 1e-50 1e-50 1e-50 1e-50 1e-50 1e-50 1e-50 0 1e-50 1e-50 1e-50 1e-50 1e-50 1e-50 1e-50 1e-50 1e-50 1e-50 1e-50 1e-50 1e-50 1e-50 1e-50 1e-50 1e-50 1e-50 1e-50 1e-50 1e-50 1e-50 1e-50 1e-50 1e-50 1e-50 1e-50 1e-50 0.767082
0.0290441  300 0.0113156 -8.4668e-24 2.57713e-52 1e-50 1e-50 1e-50 0.232918 1e-50 1e-50 1e-50 1e-50 1e-50 1e-50 1e-50 1e-50 1e-50 1e-50 1e-50 1e-50 1e-50 1e-50 1e-50 1e-50 1e-50 1e-50 1e-50 1e-50 1e-50 1e-50 1e-50 1e-50 1e-50 1e-50 1e-50 1e-50 1e-50 1e-50 1e-50 1e-50 1e-50 1e-50 1e-50 1e-50 1e-50 1e-50 1e-50 1e-50 1e-50 1e-50 1e-50 1e-50 1e-50 1e-50 1e-50 1e-50 1e-50 1e-50 1e-50 1e-50 1e-50 1e-50 0 1e-50 1e-50 1e-50 1e-50 1e-50 1e-50 1e-50 1e-50 1e-50 1e-50 1e-50 1e-50 1e-50 1e-50 1e-50 1e-50 1e-50 1e-50 1e-50 1e-50 1e-50 1e-50 1e-50 1e-50 1e-50 1e-50 1e-50 1e-50 0.767082
0.0297794  300 0.0113156 -8.4668e-24 2.57713e-52 1e-50 1e-50 1e-50 0.232918 1e-50 1e-50 1e-50 1e-50 1e-50 1e-50 1e-50 1e-50 1e-50 1e-50 1e-50 1e-50 1e-50 1e-50 1e-50 1e-50 1e-50 1e-50 1e-50 1e-50 1e-50 1e-50 1e-50 1e-50 1e-50 1e-50 1e-50 1e-50 1e-50 1e-50 1e-50 1e-50 1e-50 1e-50 1e-50 1e-50 1e-50 1e-50 1e-50 1e-50 1e-50 1e-50 1e-50 1e-50 1e-50 1e-50 1e-50 1e-50 1e-50 1e-50 1e-50 1e-50 1e-50 1e-50 0 1e-50 1e-50 1e-50 1e-50 1e-50 1e-50 1e-50 1e-50 1e-50 1e-50 1e-50 1e-50 1e-50 1e-50 1e-50 1e-50 1e-50 1e-50 1e-50 1e-50 1e-50 1e-50 1e-50 1e-50 1e-50 1e-50 1e-50 1e-50 0.767082
0.0305147  300 0.0113156 -8.4668e-24 2.57713e-52 1e-50 1e-50 1e-50 0.232918 1e-50 1e-50 1e-50 1e-50 1e-50 1e-50 1e-50 1e-50 1e-50 1e-50 1e-50 1e-50 1e-50 1e-50 1e-50 1e-50 1e-50 1e-50 1e-50 1e-50 1e-50 1e-50 1e-50 1e-50 1e-50 1e-50 1e-50 1e-50 1e-50 1e-50 1e-50 1e-50 1e-50 1e-50 1e-50 1e-50 1e-50 1e-50 1e-50 1e-50 1e-50 1e-50 1e-50 1e-50 1e-50 1e-50 1e-50 1e-50 1e-50 1e-50 1e-50 1e-50 1e-50 1e-50 0 1e-50 1e-50 1e-50 1e-50 1e-50 1e-50 1e-50 1e-50 1e-50 1e-50 1e-50 1e-50 1e-50 1e-50 1e-50 1e-50 1e-50 1e-50 1e-50 1e-50 1e-50 1e-50 1e-50 1e-50 1e-50 1e-50 1e-50 1e-50 0.767082
0.03125  300 0.0113156 -8.4668e-24 2.57713e-52 1e-50 1e-50 1e-50 0.232918 1e-50 1e-50 1e-50 1e-50 1e-50 1e-50 1e-50 1e-50 1e-50 1e-50 1e-50 1e-50 1e-50 1e-50 1e-50 1e-50 1e-50 1e-50 1e-50 1e-50 1e-50 1e-50 1e-50 1e-50 1e-50 1e-50 1e-50 1e-50 1e-50 1e-50 1e-50 1e-50 1e-50 1e-50 1e-50 1e-50 1e-50 1e-50 1e-50 1e-50 1e-50 1e-50 1e-50 1e-50 1e-50 1e-50 1e-50 1e-50 1e-50 1e-50 1e-50 1e-50 1e-50 1e-50 0 1e-50 1e-50 1e-50 1e-50 1e-50 1e-50 1e-50 1e-50 1e-50 1e-50 1e-50 1e-50 1e-50 1e-50 1e-50 1e-50 1e-50 1e-50 1e-50 1e-50 1e-50 1e-50 1e-50 1e-50 1e-50 1e-50 1e-50 1e-50 0.767082
0.0319853  300 0.0113156 -8.4668e-24 2.57713e-52 1e-50 1e-50 1e-50 0.232918 1e-50 1e-50 1e-50 1e-50 1e-50 1e-50 1e-50 1e-50 1e-50 1e-50 1e-50 1e-50 1e-50 1e-50 1e-50 1e-50 1e-50 1e-50 1e-50 1e-50 1e-50 1e-50 1e-50 1e-50 1e-50 1e-50 1e-50 1e-50 1e-50 1e-50 1e-50 1e-50 1e-50 1e-50 1e-50 1e-50 1e-50 1e-50 1e-50 1e-50 1e-50 1e-50 1e-50 1e-50 1e-50 1e-50 1e-50 1e-50 1e-50 1e-50 1e-50 1e-50 1e-50 1e-50 0 1e-50 1e-50 1e-50 1e-50 1e-50 1e-50 1e-50 1e-50 1e-50 1e-50 1e-50 1e-50 1e-50 1e-50 1e-50 1e-50 1e-50 1e-50 1e-50 1e-50 1e-50 1e-50 1e-50 1e-50 1e-50 1e-50 1e-50 1e-50 0.767082
0.0327206  300 0.0113156 -8.4668e-24 2.57713e-52 1e-50 1e-50 1e-50 0.232918 1e-50 1e-50 1e-50 1e-50 1e-50 1e-50 1e-50 1e-50 1e-50 1e-50 1e-50 1e-50 1e-50 1e-50 1e-50 1e-50 1e-50 1e-50 1e-50 1e-50 1e-50 1e-50 1e-50 1e-50 1e-50 1e-50 1e-50 1e-50 1e-50 1e-50 1e-50 1e-50 1e-50 1e-50 1e-50 1e-50 1e-50 1e-50 1e-50 1e-50 1e-50 1e-50 1e-50 1e-50 1e-50 1e-50 1e-50 1e-50 1e-50 1e-50 1e-50 1e-50 1e-50 1e-50 0 1e-50 1e-50 1e-50 1e-50 1e-50 1e-50 1e-50 1e-50 1e-50 1e-50 1e-50 1e-50 1e-50 1e-50 1e-50 1e-50 1e-50 1e-50 1e-50 1e-50 1e-50 1e-50 1e-50 1e-50 1e-50 1e-50 1e-50 1e-50 0.767082
0.0334559  300 0.0113156 -8.4668e-24 2.57713e-52 1e-50 1e-50 1e-50 0.232918 1e-50 1e-50 1e-50 1e-50 1e-50 1e-50 1e-50 1e-50 1e-50 1e-50 1e-50 1e-50 1e-50 1e-50 1e-50 1e-50 1e-50 1e-50 1e-50 1e-50 1e-50 1e-50 1e-50 1e-50 1e-50 1e-50 1e-50 1e-50 1e-50 1e-50 1e-50 1e-50 1e-50 1e-50 1e-50 1e-50 1e-50 1e-50 1e-50 1e-50 1e-50 1e-50 1e-50 1e-50 1e-50 1e-50 1e-50 1e-50 1e-50 1e-50 1e-50 1e-50 1e-50 1e-50 0 1e-50 1e-50 1e-50 1e-50 1e-50 1e-50 1e-50 1e-50 1e-50 1e-50 1e-50 1e-50 1e-50 1e-50 1e-50 1e-50 1e-50 1e-50 1e-50 1e-50 1e-50 1e-50 1e-50 1e-50 1e-50 1e-50 1e-50 1e-50 0.767082
0.0341912  300 0.0113156 -8.4668e-24 2.57713e-52 1e-50 1e-50 1e-50 0.232918 1e-50 1e-50 1e-50 1e-50 1e-50 1e-50 1e-50 1e-50 1e-50 1e-50 1e-50 1e-50 1e-50 1e-50 1e-50 1e-50 1e-50 1e-50 1e-50 1e-50 1e-50 1e-50 1e-50 1e-50 1e-50 1e-50 1e-50 1e-50 1e-50 1e-50 1e-50 1e-50 1e-50 1e-50 1e-50 1e-50 1e-50 1e-50 1e-50 1e-50 1e-50 1e-50 1e-50 1e-50 1e-50 1e-50 1e-50 1e-50 1e-50 1e-50 1e-50 1e-50 1e-50 1e-50 0 1e-50 1e-50 1e-50 1e-50 1e-50 1e-50 1e-50 1e-50 1e-50 1e-50 1e-50 1e-50 1e-50 1e-50 1e-50 1e-50 1e-50 1e-50 1e-50 1e-50 1e-50 1e-50 1e-50 1e-50 1e-50 1e-50 1e-50 1e-50 0.767082
0.0349265  300 0.0113156 -8.4668e-24 2.57713e-52 1e-50 1e-50 1e-50 0.232918 1e-50 1e-50 1e-50 1e-50 1e-50 1e-50 1e-50 1e-50 1e-50 1e-50 1e-50 1e-50 1e-50 1e-50 1e-50 1e-50 1e-50 1e-50 1e-50 1e-50 1e-50 1e-50 1e-50 1e-50 1e-50 1e-50 1e-50 1e-50 1e-50 1e-50 1e-50 1e-50 1e-50 1e-50 1e-50 1e-50 1e-50 1e-50 1e-50 1e-50 1e-50 1e-50 1e-50 1e-50 1e-50 1e-50 1e-50 1e-50 1e-50 1e-50 1e-50 1e-50 1e-50 1e-50 0 1e-50 1e-50 1e-50 1e-50 1e-50 1e-50 1e-50 1e-50 1e-50 1e-50 1e-50 1e-50 1e-50 1e-50 1e-50 1e-50 1e-50 1e-50 1e-50 1e-50 1e-50 1e-50 1e-50 1e-50 1e-50 1e-50 1e-50 1e-50 0.767082
0.0356618  300 0.0113156 -8.4668e-24 2.57713e-52 1e-50 1e-50 1e-50 0.232918 1e-50 1e-50 1e-50 1e-50 1e-50 1e-50 1e-50 1e-50 1e-50 1e-50 1e-50 1e-50 1e-50 1e-50 1e-50 1e-50 1e-50 1e-50 1e-50 1e-50 1e-50 1e-50 1e-50 1e-50 1e-50 1e-50 1e-50 1e-50 1e-50 1e-50 1e-50 1e-50 1e-50 1e-50 1e-50 1e-50 1e-50 1e-50 1e-50 1e-50 1e-50 1e-50 1e-50 1e-50 1e-50 1e-50 1e-50 1e-50 1e-50 1e-50 1e-50 1e-50 1e-50 1e-50 0 1e-50 1e-50 1e-50 1e-50 1e-50 1e-50 1e-50 1e-50 1e-50 1e-50 1e-50 1e-50 1e-50 1e-50 1e-50 1e-50 1e-50 1e-50 1e-50 1e-50 1e-50 1e-50 1e-50 1e-50 1e-50 1e-50 1e-50 1e-50 0.767082
0.0363971  300 0.0113156 -8.4668e-24 2.57713e-52 1e-50 1e-50 1e-50 0.232918 1e-50 1e-50 1e-50 1e-50 1e-50 1e-50 1e-50 1e-50 1e-50 1e-50 1e-50 1e-50 1e-50 1e-50 1e-50 1e-50 1e-50 1e-50 1e-50 1e-50 1e-50 1e-50 1e-50 1e-50 1e-50 1e-50 1e-50 1e-50 1e-50 1e-50 1e-50 1e-50 1e-50 1e-50 1e-50 1e-50 1e-50 1e-50 1e-50 1e-50 1e-50 1e-50 1e-50 1e-50 1e-50 1e-50 1e-50 1e-50 1e-50 1e-50 1e-50 1e-50 1e-50 1e-50 0 1e-50 1e-50 1e-50 1e-50 1e-50 1e-50 1e-50 1e-50 1e-50 1e-50 1e-50 1e-50 1e-50 1e-50 1e-50 1e-50 1e-50 1e-50 1e-50 1e-50 1e-50 1e-50 1e-50 1e-50 1e-50 1e-50 1e-50 1e-50 0.767082
0.0371324  300 0.0113156 -8.4668e-24 2.57713e-52 1e-50 1e-50 1e-50 0.232918 1e-50 1e-50 1e-50 1e-50 1e-50 1e-50 1e-50 1e-50 1e-50 1e-50 1e-50 1e-50 1e-50 1e-50 1e-50 1e-50 1e-50 1e-50 1e-50 1e-50 1e-50 1e-50 1e-50 1e-50 1e-50 1e-50 1e-50 1e-50 1e-50 1e-50 1e-50 1e-50 1e-50 1e-50 1e-50 1e-50 1e-50 1e-50 1e-50 1e-50 1e-50 1e-50 1e-50 1e-50 1e-50 1e-50 1e-50 1e-50 1e-50 1e-50 1e-50 1e-50 1e-50 1e-50 0 1e-50 1e-50 1e-50 1e-50 1e-50 1e-50 1e-50 1e-50 1e-50 1e-50 1e-50 1e-50 1e-50 1e-50 1e-50 1e-50 1e-50 1e-50 1e-50 1e-50 1e-50 1e-50 1e-50 1e-50 1e-50 1e-50 1e-50 1e-50 0.767082
0.0375  310.728 0.0113156 -8.4668e-24 2.57713e-52 1e-50 1e-50 1e-50 0.232918 1e-50 1e-50 1e-50 1e-50 1e-50 1e-50 1e-50 1e-50 1e-50 1e-50 1e-50 1e-50 1e-50 1e-50 1e-50 1e-50 1e-50 1e-50 1e-50 1e-50 1e-50 1e-50 1e-50 1e-50 1e-50 1e-50 1e-50 1e-50 1e-50 1e-50 1e-50 1e-50 1e-50 1e-50 1e-50 1e-50 1e-50 1e-50 1e-50 1e-50 1e-50 1e-50 1e-50 1e-50 1e-50 1e-50 1e-50 1e-50 1e-50 1e-50 1e-50 1e-50 1e-50 1e-50 0 1e-50 1e-50 1e-50 1e-50 1e-50 1e-50 1e-50 1e-50 1e-50 1e-50 1e-50 1e-50 1e-50 1e-50 1e-50 1e-50 1e-50 1e-50 1e-50 1e-50 1e-50 1e-50 1e-50 1e-50 1e-50 1e-50 1e-50 1e-50 0.767082
0.0378676  330.385 0.0106423 0.818734 2.57713e-52 1e-50 1e-50 1e-50 0.232918 1e-50 1e-50 1e-50 1e-50 1e-50 1e-50 1e-50 1e-50 1e-50 1e-50 1e-50 1e-50 1e-50 1e-50 1e-50 1e-50 1e-50 1e-50 1e-50 1e-50 1e-50 1e-50 1e-50 1e-50 1e-50 1e-50 1e-50 1e-50 1e-50 1e-50 1e-50 1e-50 1e-50 1e-50 1e-50 1e-50 1e-50 1e-50 1e-50 1e-50 1e-50 1e-50 1e-50 1e-50 1e-50 1e-50 1e-50 1e-50 1e-50 1e-50 1e-50 1e-50 1e-50 1e-50 7.59633e-52 1e-50 1e-50 1e-50 1e-50 1e-50 1e-50 1e-50 1e-50 1e-50 1e-50 1e-50 1e-50 1e-50 1e-50 1e-50 1e-50 1e-50 1e-50 1e-50 1e-50 1e-50 1e-50 1e-50 1e-50 1e-50 1e-50 1e-50 1e-50 0.767082
0.0386029  388.694 0.00904586 1.26333 2.57713e-52 1e-50 1e-50 1e-50 0.232918 1e-50 1e-50 1e-50 1e-50 1e-50 1e-50 1e-50 1e-50 1e-50 1e-50 1e-50 1e-50 1e-50 1e-50 1e-50 1e-50 1e-50 1e-50 1e-50 1e-50 1e-50 1e-50 1e-50 1e-50 1e-50 1e-50 1e-50 1e-50 1e-50 1e-50 1e-50 1e-50 1e-50 1e-50 1e-50 1e-50 1e-50 1e-50 1e-50 1e-50 1e-50 1e-50 1e-50 1e-50 1e-50 1e-50 1e-50 1e-50 1e-50 1e-50 1e-50 1e-50 1e-50 1e-50 2.21734e-51 1e-50 1e-50 1e-50 1e-50 1e-50 1e-50 1e-50 1e-50 1e-50 1e-50 1e-50 1e-50 1e-50 1e-50 1e-50 1e-50 1e-50 1e-50 1e-50 1e-50 1e-50 1e-50 1e-50 1e-50 1e-50 1e-50 1e-50 1e-50 0.767082
0.0393382  442.744 0.00794154 1.42086 2.57713e-52 1e-50 1e-50 1e-50 0.232918 1e-50 1e-50 1e-50 1e-50 1e-50 1e-50 1e-50 1e-50 1e-50 1e-50 1e-50 1e-50 1e-50 1e-50 1e-50 1e-50 1e-50 1e-50 1e-50 1e-50 1e-50 1e-50 1e-50 1e-50 1e-50 1e-50 1e-50 1e-50 1e-50 1e-50 1e-50 1e-50 1e-50 1e-50 1e-50 1e-50 1e-50 1e-50 1e-50 1e-50 1e-50 1e-50 1e-50 1e-50 1e-50 1e-50 1e-50 1e-50 1e-50 1e-50 1e-50 1e-50 1e-50 1e-50 3.5686e-51 1e-50 1e-50 1e-50 1e-50 1e-50 1e-50 1e-50 1e-50 1e-50 1e-50 1e-50 1e-50 1e-50 1e-50 1e-50 1e-50 1e-50 1e-50 1e-50 1e-50 1e-50 1e-50 1e-50 1e-50 1e-50 1e-50 1e-50 1e-50 0.767082
0.0400735  491.596 0.00715236 1.30016 2.57713e-52 1e-50 1e-50 1e-50 0.232918 1e-50 1e-50 1e-50 1e-50 1e-50 1e-50 1e-50 1e-50 1e-50 1e-50 1e-50 1e-50 1e-50 1e-50 1e-50 1e-50 1e-50 1e-50 1e-50 1e-50 1e-50 1e-50 1e-50 1e-50 1e-50 1e-50 1e-50 1e-50 1e-50 1e-50 1e-50 1e-50 1e-50 1e-50 1e-50 1e-50 1e-50 1e-50 1e-50 1e-50 1e-50 1e-50 1e-50 1e-50 1e-50 1e-50 1e-50 1e-50 1e-50 1e-50 1e-50 1e-50 1e-50 1e-50 4.7899e-51 1e-50 1e-50 1e-50 1e-50 1e-50 1e-50 1e-50 1e-50 1e-50 1e-50 1e-50 1e-50 1e-50 1e-50 1e-50 1e-50 1e-50 1e-50 1e-50 1e-50 1e-50 1e-50 1e-50 1e-50 1e-50 1e-50 1e-50 1e-50 0.767082
0.0408088  534.625 0.0065767 0.946621 2.57713e-52 1e-50 1e-50 1e-50 0.232918 1e-50 1e-50 1e-50 1e-50 1e-50 1e-50 1e-50 1e-50 1e-50 1e-50 1e-50 1e-50 1e-50 1e-50 1e-50 1e-50 1e-50 1e-50 1e-50 1e-50 1e-50 1e-50 1e-50 1e-50 1e-50 1e-50 1e-50 1e-50 1e-50 1e-50 1e-50 1e-50 1e-50 1e-50 1e-50 1e-50 1e-50 1e-50 1e-50 1e-50 1e-50 1e-50 1e-50 1e-50 1e-50 1e-50 1e-50 1e-50 1e-50 1e-50 1e-50 1e-50 1e-50 1e-50 5.86563e-51 1e-50 1e-50 1e-50 1e-50 1e-50 1e-50 1e-50 1e-50 1e-50 1e-50 1e-50 1e-50 1e-50 1e-50 1e-50 1e-50 1e-50 1e-50 1e-50 1e-50 1e-50 1e-50 1e-50 1e-50 1e-50 1e-50 1e-50 1e-50 0.767082
0.0415441  571.545 0.00615187 0.428094 2.57713e-52 1e-50 1e-50 1e-50 0.232918 1e-50 1e-50 1e-50 1e-50 1e-50 1e-50 1e-50 1e-50 1e-50 1e-50 1e-50 1e-50 1e-50 1e-50 1e-50 1e-50 1e-50 1e-50 1e-50 1e-50 1e-50 1e-50 1e-50 1e-50 1e-50 1e-50 1e-50 1e-50 1e-50 1e-50 1e-50 1e-50 1e-50 1e-50 1e-50 1e-50 1e-50 1e-50 1e-50 1e-50 1e-50 1e-50 1e-50 1e-50 1e-50 1e-50 1e-50 1e-50 1e-50 1e-50 1e-50 1e-50 1e-50 1e-50 6.78862e-51 1e-50 1e-50 1e-50 1e-50 1e-50 1e-50 1e-50 1e-50 1e-50 1e-50 1e-50 1e-50 1e-50 1e-50 1e-50 1e-50 1e-50 1e-50 1e-50 1e-50 1e-50 1e-50 1e-50 1e-50 1e-50 1e-50 1e-50 1e-50 0.767082
0.0422794  602.393 0.00583683 -0.179949 2.57713e-52 1e-50 1e-50 1e-50 0.232918 1e-50 1e-50 1e-50 1e-50 1e-50 1e-50 1e-50 1e-50 1e-50 1e-50 1e-50 1e-50 1e-50 1e-50 1e-50 1e-50 1e-50 1e-50 1e-50 1e-50 1e-50 1e-50 1e-50 1e-50 1e-50 1e-50 1e-50 1e-50 1e-50 1e-50 1e-50 1e-50 1e-50 1e-50 1e-50 1e-50 1e-50 1e-50 1e-50 1e-50 1e-50 1e-50 1e-50 1e-50 1e-50 1e-50 1e-50 1e-50 1e-50 1e-50 1e-50 1e-50 1e-50 1e-50 7.55983e-51 1e-50 1e-50 1e-50 1e-50 1e-50 1e-50 1e-50 1e-50 1e-50 1e-50 1e-50 1e-50 1e-50 1e-50 1e-50 1e-50 1e-50 1e-50 1e-50 1e-50 1e-50 1e-50 1e-50 1e-50 1e-50 1e-50 1e-50 1e-50 0.767082
0.0430147  627.488 0.0056034 -0.807202 2.57713e-52 1e-50 1e-50 1e-50 0.232918 1e-50 1e-50 1e-50 1e-50 1e-50 1e-50 1e-50 1e-50 1e-50 1e-50 1e-50 1e-50 1e-50 1e-50 1e-50 1e-50 1e-50 1e-50 1e-50 1e-50 1e-50 1e-50 1e-50 1e-50 1e-50 1e-50 1e-50 1e-50 1e-50 1e-50 1e-50 1e-50 1e-50 1e-50 1e-50 1e-50 1e-50 1e-50 1e-50 1e-50 1e-50 1e-50 1e-50 1e-50 1e-50 1e-50 1e-50 1e-50 1e-50 1e-50 1e-50 1e-50 1e-50 1e-50 8.1872e-51 1e-50 1e-50 1e-50 1e-50 1e-50 1e-50 1e-50 1e-50 1e-50 1e-50 1e-50 1e-50 1e-50 1e-50 1e-50 1e-50 1e-50 1e-50 1e-50 1e-50 1e-50 1e-50 1e-50 1e-50 1e-50 1e-50 1e-50 1e-50 0.767082
0.04375  647.359 0.0054314 -1.39726 2.57713e-52 1e-50 1e-50 1e-50 0.232918 1e-50 1e-50 1e-50 1e-50 1e-50 1e-50 1e-50 1e-50 1e-50 1e-50 1e-50 1e-50 1e-50 1e-50 1e-50 1e-50 1e-50 1e-50 1e-50 1e-50 1e-50 1e-50 1e-50 1e-50 1e-50 1e-50 1e-50 1e-50 1e-50 1e-50 1e-50 1e-50 1e-50 1e-50 1e-50 1e-50 1e-50 1e-50 1e-50 1e-50 1e-50 1e-50 1e-50 1e-50 1e-50 1e-50 1e-50 1e-50 1e-50 1e-50 1e-50 1e-50 1e-50 1e-50 8.68399e-51 1e-50 1e-50 1e-50 1e-50 1e-50 1e-50 1e-50 1e-50 1e-50 1e-50 1e-50 1e-50 1e-50 1e-50 1e-50 1e-50 1e-50 1e-50 1e-50 1e-50 1e-50 1e-50 1e-50 1e-50 1e-50 1e-50 1e-50 1e-50 0.767082
0.0444853  662.673 0.00530589 -1.91171 2.57713e-52 1e-50 1e-50 1e-50 0.232918 1e-50 1e-50 1e-50 1e-50 1e-50 1e-50 1e-50 1e-50 1e-50 1e-50 1e-50 1e-50 1e-50 1e-50 1e-50 1e-50 1e-50 1e-50 1e-50 1e-50 1e-50 1e-50 1e-50 1e-50 1e-50 1e-50 1e-50 1e-50 1e-50 1e-50 1e-50 1e-50 1e-50 1e-50 1e-50 1e-50 1e-50 1e-50 1e-50 1e-50 1e-50 1e-50 1e-50 1e-50 1e-50 1e-50 1e-50 1e-50 1e-50 1e-50 1e-50 1e-50 1e-50 1e-50 9.06683e-51 1e-50 1e-50 1e-50 1e-50 1e-50 1e-50 1e-50 1e-50 1e-50 1e-50 1e-50 1e-50 1e-50 1e-50 1e-50 1e-50 1e-50 1e-50 1e-50 1e-50 1e-50 1e-50 1e-50 1e-50 1e-50 1e-50 1e-50 1e-50 0.767082
0.0452206  674.157 0.0052155 -2.3302 2.57713e-52 1e-50 1e-50 1e-50 0.232918 1e-50 1e-50 1e-50 1e-50 1e-50 1e-50 1e-50 1e-50 1e-50 1e-50 1e-50 1e-50 1e-50 1e-50 1e-50 1e-50 1e-50 1e-50 1e-50 1e-50 1e-50 1e-50 1e-50 1e-50 1e-50 1e-50 1e-50 1e-50 1e-50 1e-50 1e-50 1e-50 1e-50 1e-50 1e-50 1e-50 1e-50 1e-50 1e-50 1e-50 1e-50 1e-50 1e-50 1e-50 1e-50 1e-50 1e-50 1e-50 1e-50 1e-50 1e-50 1e-50 1e-50 1e-50 9.35394e-51 1e-50 1e-50 1e-50 1e-50 1e-50 1e-50 1e-50 1e-50 1e-50 1e-50 1e-50 1e-50 1e-50 1e-50 1e-50 1e-50 1e-50 1e-50 1e-50 1e-50 1e-50 1e-50 1e-50 1e-50 1e-50 1e-50 1e-50 1e-50 0.767082
0.0459559  682.537 0.00515147 -2.64765 2.57713e-52 1e-50 1e-50 1e-50 0.232918 1e-50 1e-50 1e-50 1e-50 1e-50 1e-50 1e-50 1e-50 1e-50 1e-50 1e-50 1e-50 1e-50 1e-50 1e-50 1e-50 1e-50 1e-50 1e-50 1e-50 1e-50 1e-50 1e-50 1e-50 1e-50 1e-50 1e-50 1e-50 1e-50 1e-50 1e-50 1e-50 1e-50 1e-50 1e-50 1e-50 1e-50 1e-50 1e-50 1e-50 1e-50 1e-50 1e-50 1e-50 1e-50 1e-50 1e-50 1e-50 1e-50 1e-50 1e-50 1e-50 1e-50 1e-50 9.56343e-51 1e-50 1e-50 1e-50 1e-50 1e-50 1e-50 1e-50 1e-50 1e-50 1e-50 1e-50 1e-50 1e-50 1e-50 1e-50 1e-50 1e-50 1e-50 1e-50 1e-50 1e-50 1e-50 1e-50 1e-50 1e-50 1e-50 1e-50 1e-50 0.767082
0.0466912  688.487 0.00510695 -2.87005 2.57713e-52 1e-50 1e-50 1e-50 0.232918 1e-50 1e-50 1e-50 1e-50 1e-50 1e-50 1e-50 1e-50 1e-50 1e-50 1e-50 1e-50 1e-50 1e-50 1e-50 1e-50 1e-50 1e-50 1e-50 1e-50 1e-50 1e-50 1e-50 1e-50 1e-50 1e-50 1e-50 1e-50 1e-50 1e-50 1e-50 1e-50 1e-50 1e-50 1e-50 1e-50 1e-50 1e-50 1e-50 1e-50 1e-50 1e-50 1e-50 1e-50 1e-50 1e-50 1e-50 1e-50 1e-50 1e-50 1e-50 1e-50 1e-50 1e-50 9.71217e-51 1e-50 1e-50 1e-50 1e-50 1e-50 1e-50 1e-50 1e-50 1e-50 1e-50 1e-50 1e-50 1e-50 1e-50 1e-50 1e-50 1e-50 1e-50 1e-50 1e-50 1e-50 1e-50 1e-50 1e-50 1e-50 1e-50 1e-50 1e-50 0.767082
0.0474265  692.596 0.00507666 -3.01012 2.57713e-52 1e-50 1e-50 1e-50 0.232918 1e-50 1e-50 1e-50 1e-50 1e-50 1e-50 1e-50 1e-50 1e-50 1e-50 1e-50 1e-50 1e-50 1e-50 1e-50 1e-50 1e-50 1e-50 1e-50 1e-50 1e-50 1e-50 1e-50 1e-50 1e-50 1e-50 1e-50 1e-50 1e-50 1e-50 1e-50 1e-50 1e-50 1e-50 1e-50 1e-50 1e-50 1e-50 1e-50 1e-50 1e-50 1e-50 1e-50 1e-50 1e-50 1e-50 1e-50 1e-50 1e-50 1e-50 1e-50 1e-50 1e-50 1e-50 9.81489e-51 1e-50 1e-50 1e-50 1e-50 1e-50 1e-50 1e-50 1e-50 1e-50 1e-50 1e-50 1e-50 1e-50 1e-50 1e-50 1e-50 1e-50 1e-50 1e-50 1e-50 1e-50 1e-50 1e-50 1e-50 1e-50 1e-50 1e-50 1e-50 0.767082
0.0481618  695.356 0.0050565 -3.08345 2.57713e-52 1e-50 1e-50 1e-50 0.232918 1e-50 1e-50 1e-50 1e-50 1e-50 1e-50 1e-50 1e-50 1e-50 1e-50 1e-50 1e-50 1e-50 1e-50 1e-50 1e-50 1e-50 1e-50 1e-50 1e-50 1e-50 1e-50 1e-50 1e-50 1e-50 1e-50 1e-50 1e-50 1e-50 1e-50 1e-50 1e-50 1e-50 1e-50 1e-50 1e-50 1e-50 1e-50 1e-50 1e-50 1e-50 1e-50 1e-50 1e-50 1e-50 1e-50 1e-50 1e-50 1e-50 1e-50 1e-50 1e-50 1e-50 1e-50 9.88391e-51 1e-50 1e-50 1e-50 1e-50 1e-50 1e-50 1e-50 1e-50 1e-50 1e-50 1e-50 1e-50 1e-50 1e-50 1e-50 1e-50 1e-50 1e-50 1e-50 1e-50 1e-50 1e-50 1e-50 1e-50 1e-50 1e-50 1e-50 1e-50 0.767082
0.0488971  697.161 0.00504341 -3.1058 2.57713e-52 1e-50 1e-50 1e-50 0.232918 1e-50 1e-50 1e-50 1e-50 1e-50 1e-50 1e-50 1e-50 1e-50 1e-50 1e-50 1e-50 1e-50 1e-50 1e-50 1e-50 1e-50 1e-50 1e-50 1e-50 1e-50 1e-50 1e-50 1e-50 1e-50 1e-50 1e-50 1e-50 1e-50 1e-50 1e-50 1e-50 1e-50 1e-50 1e-50 1e-50 1e-50 1e-50 1e-50 1e-50 1e-50 1e-50 1e-50 1e-50 1e-50 1e-50 1e-50 1e-50 1e-50 1e-50 1e-50 1e-50 1e-50 1e-50 9.92902e-51 1e-50 1e-50 1e-50 1e-50 1e-50 1e-50 1e-50 1e-50 1e-50 1e-50 1e-50 1e-50 1e-50 1e-50 1e-50 1e-50 1e-50 1e-50 1e-50 1e-50 1e-50 1e-50 1e-50 1e-50 1e-50 1e-50 1e-50 1e-50 0.767082
0.0496324  698.308 0.00503513 -3.09131 2.57713e-52 1e-50 1e-50 1e-50 0.232918 1e-50 1e-50 1e-50 1e-50 1e-50 1e-50 1e-50 1e-50 1e-50 1e-50 1e-50 1e-50 1e-50 1e-50 1e-50 1e-50 1e-50 1e-50 1e-50 1e-50 1e-50 1e-50 1e-50 1e-50 1e-50 1e-50 1e-50 1e-50 1e-50 1e-50 1e-50 1e-50 1e-50 1e-50 1e-50 1e-50 1e-50 1e-50 1e-50 1e-50 1e-50 1e-50 1e-50 1e-50 1e-50 1e-50 1e-50 1e-50 1e-50 1e-50 1e-50 1e-50 1e-50 1e-50 9.95769e-51 1e-50 1e-50 1e-50 1e-50 1e-50 1e-50 1e-50 1e-50 1e-50 1e-50 1e-50 1e-50 1e-50 1e-50 1e-50 1e-50 1e-50 1e-50 1e-50 1e-50 1e-50 1e-50 1e-50 1e-50 1e-50 1e-50 1e-50 1e-50 0.767082
0.0503676  699.017 0.00503002 -3.05166 2.57713e-52 1e-50 1e-50 1e-50 0.232918 1e-50 1e-50 1e-50 1e-50 1e-50 1e-50 1e-50 1e-50 1e-50 1e-50 1e-50 1e-50 1e-50 1e-50 1e-50 1e-50 1e-50 1e-50 1e-50 1e-50 1e-50 1e-50 1e-50 1e-50 1e-50 1e-50 1e-50 1e-50 1e-50 1e-50 1e-50 1e-50 1e-50 1e-50 1e-50 1e-50 1e-50 1e-50 1e-50 1e-50 1e-50 1e-50 1e-50 1e-50 1e-50 1e-50 1e-50 1e-50 1e-50 1e-50 1e-50 1e-50 1e-50 1e-50 9.97543e-51 1e-50 1e-50 1e-50 1e-50 1e-50 1e-50 1e-50 1e-50 1e-50 1e-50 1e-50 1e-50 1e-50 1e-50 1e-50 1e-50 1e-50 1e-50 1e-50 1e-50 1e-50 1e-50 1e-50 1e-50 1e-50 1e-50 1e-50 1e-50 0.767082
0.0511029  699.444 0.00502695 -2.99592 2.57713e-52 1e-50 1e-50 1e-50 0.232918 1e-50 1e-50 1e-50 1e-50 1e-50 1e-50 1e-50 1e-50 1e-50 1e-50 1e-50 1e-50 1e-50 1e-50 1e-50 1e-50 1e-50 1e-50 1e-50 1e-50 1e-50 1e-50 1e-50 1e-50 1e-50 1e-50 1e-50 1e-50 1e-50 1e-50 1e-50 1e-50 1e-50 1e-50 1e-50 1e-50 1e-50 1e-50 1e-50 1e-50 1e-50 1e-50 1e-50 1e-50 1e-50 1e-50 1e-50 1e-50 1e-50 1e-50 1e-50 1e-50 1e-50 1e-50 9.98609e-51 1e-50 1e-50 1e-50 1e-50 1e-50 1e-50 1e-50 1e-50 1e-50 1e-50 1e-50 1e-50 1e-50 1e-50 1e-50 1e-50 1e-50 1e-50 1e-50 1e-50 1e-50 1e-50 1e-50 1e-50 1e-50 1e-50 1e-50 1e-50 0.767082
0.0518382  699.693 0.00502516 -2.93071 2.57713e-52 1e-50 1e-50 1e-50 0.232918 1e-50 1e-50 1e-50 1e-50 1e-50 1e-50 1e-50 1e-50 1e-50 1e-50 1e-50 1e-50 1e-50 1e-50 1e-50 1e-50 1e-50 1e-50 1e-50 1e-50 1e-50 1e-50 1e-50 1e-50 1e-50 1e-50 1e-50 1e-50 1e-50 1e-50 1e-50 1e-50 1e-50 1e-50 1e-50 1e-50 1e-50 1e-50 1e-50 1e-50 1e-50 1e-50 1e-50 1e-50 1e-50 1e-50 1e-50 1e-50 1e-50 1e-50 1e-50 1e-50 1e-50 1e-50 9.99233e-51 1e-50 1e-50 1e-50 1e-50 1e-50 1e-50 1e-50 1e-50 1e-50 1e-50 1e-50 1e-50 1e-50 1e-50 1e-50 1e-50 1e-50 1e-50 1e-50 1e-50 1e-50 1e-50 1e-50 1e-50 1e-50 1e-50 1e-50 1e-50 0.767082
0.0525735  699.835 0.00502414 -2.86066 2.57713e-52 1e-50 1e-50 1e-50 0.232918 1e-50 1e-50 1e-50 1e-50 1e-50 1e-50 1e-50 1e-50 1e-50 1e-50 1e-50 1e-50 1e-50 1e-50 1e-50 1e-50 1e-50 1e-50 1e-50 1e-50 1e-50 1e-50 1e-50 1e-50 1e-50 1e-50 1e-50 1e-50 1e-50 1e-50 1e-50 1e-50 1e-50 1e-50 1e-50 1e-50 1e-50 1e-50 1e-50 1e-50 1e-50 1e-50 1e-50 1e-50 1e-50 1e-50 1e-50 1e-50 1e-50 1e-50 1e-50 1e-50 1e-50 1e-50 9.99588e-51 1e-50 1e-50 1e-50 1e-50 1e-50 1e-50 1e-50 1e-50 1e-50 1e-50 1e-50 1e-50 1e-50 1e-50 1e-50 1e-50 1e-50 1e-50 1e-50 1e-50 1e-50 1e-50 1e-50 1e-50 1e-50 1e-50 1e-50 1e-50 0.767082
0.0533088  699.914 0.00502357 -2.78879 2.57713e-52 1e-50 1e-50 1e-50 0.232918 1e-50 1e-50 1e-50 1e-50 1e-50 1e-50 1e-50 1e-50 1e-50 1e-50 1e-50 1e-50 1e-50 1e-50 1e-50 1e-50 1e-50 1e-50 1e-50 1e-50 1e-50 1e-50 1e-50 1e-50 1e-50 1e-50 1e-50 1e-50 1e-50 1e-50 1e-50 1e-50 1e-50 1e-50 1e-50 1e-50 1e-50 1e-50 1e-50 1e-50 1e-50 1e-50 1e-50 1e-50 1e-50 1e-50 1e-50 1e-50 1e-50 1e-50 1e-50 1e-50 1e-50 1e-50 9.99784e-51 1e-50 1e-50 1e-50 1e-50 1e-50 1e-50 1e-50 1e-50 1e-50 1e-50 1e-50 1e-50 1e-50 1e-50 1e-50 1e-50 1e-50 1e-50 1e-50 1e-50 1e-50 1e-50 1e-50 1e-50 1e-50 1e-50 1e-50 1e-50 0.767082
0.0540441  699.956 0.00502327 -2.71705 2.57713e-52 1e-50 1e-50 1e-50 0.232918 1e-50 1e-50 1e-50 1e-50 1e-50 1e-50 1e-50 1e-50 1e-50 1e-50 1e-50 1e-50 1e-50 1e-50 1e-50 1e-50 1e-50 1e-50 1e-50 1e-50 1e-50 1e-50 1e-50 1e-50 1e-50 1e-50 1e-50 1e-50 1e-50 1e-50 1e-50 1e-50 1e-50 1e-50 1e-50 1e-50 1e-50 1e-50 1e-50 1e-50 1e-50 1e-50 1e-50 1e-50 1e-50 1e-50 1e-50 1e-50 1e-50 1e-50 1e-50 1e-50 1e-50 1e-50 9.9989e-51 1e-50 1e-50 1e-50 1e-50 1e-50 1e-50 1e-50 1e-50 1e-50 1e-50 1e-50 1e-50 1e-50 1e-50 1e-50 1e-50 1e-50 1e-50 1e-50 1e-50 1e-50 1e-50 1e-50 1e-50 1e-50 1e-50 1e-50 1e-50 0.767082
0.0547794  699.978 0.00502311 -2.64656 2.57713e-52 1e-50 1e-50 1e-50 0.232918 1e-50 1e-50 1e-50 1e-50 1e-50 1e-50 1e-50 1e-50 1e-50 1e-50 1e-50 1e-50 1e-50 1e-50 1e-50 1e-50 1e-50 1e-50 1e-50 1e-50 1e-50 1e-50 1e-50 1e-50 1e-50 1e-50 1e-50 1e-50 1e-50 1e-50 1e-50 1e-50 1e-50 1e-50 1e-50 1e-50 1e-50 1e-50 1e-50 1e-50 1e-50 1e-50 1e-50 1e-50 1e-50 1e-50 1e-50 1e-50 1e-50 1e-50 1e-50 1e-50 1e-50 1e-50 9.99946e-51 1e-50 1e-50 1e-50 1e-50 1e-50 1e-50 1e-50 1e-50 1e-50 1e-50 1e-50 1e-50 1e-50 1e-50 1e-50 1e-50 1e-50 1e-50 1e-50 1e-50 1e-50 1e-50 1e-50 1e-50 1e-50 1e-50 1e-50 1e-50 0.767082
0.0555147  699.989 0.00502303 -2.57794 2.57713e-52 1e-50 1e-50 1e-50 0.232918 1e-50 1e-50 1e-50 1e-50 1e-50 1e-50 1e-50 1e-50 1e-50 1e-50 1e-50 1e-50 1e-50 1e-50 1e-50 1e-50 1e-50 1e-50 1e-50 1e-50 1e-50 1e-50 1e-50 1e-50 1e-50 1e-50 1e-50 1e-50 1e-50 1e-50 1e-50 1e-50 1e-50 1e-50 1e-50 1e-50 1e-50 1e-50 1e-50 1e-50 1e-50 1e-50 1e-50 1e-50 1e-50 1e-50 1e-50 1e-50 1e-50 1e-50 1e-50 1e-50 1e-50 1e-50 9.99974e-51 1e-50 1e-50 1e-50 1e-50 1e-50 1e-50 1e-50 1e-50 1e-50 1e-50 1e-50 1e-50 1e-50 1e-50 1e-50 1e-50 1e-50 1e-50 1e-50 1e-50 1e-50 1e-50 1e-50 1e-50 1e-50 1e-50 1e-50 1e-50 0.767082
0.05625  699.995 0.00502299 -2.51151 2.57713e-52 1e-50 1e-50 1e-50 0.232918 1e-50 1e-50 1e-50 1e-50 1e-50 1e-50 1e-50 1e-50 1e-50 1e-50 1e-50 1e-50 1e-50 1e-50 1e-50 1e-50 1e-50 1e-50 1e-50 1e-50 1e-50 1e-50 1e-50 1e-50 1e-50 1e-50 1e-50 1e-50 1e-50 1e-50 1e-50 1e-50 1e-50 1e-50 1e-50 1e-50 1e-50 1e-50 1e-50 1e-50 1e-50 1e-50 1e-50 1e-50 1e-50 1e-50 1e-50 1e-50 1e-50 1e-50 1e-50 1e-50 1e-50 1e-50 9.99988e-51 1e-50 1e-50 1e-50 1e-50 1e-50 1e-50 1e-50 1e-50 1e-50 1e-50 1e-50 1e-50 1e-50 1e-50 1e-50 1e-50 1e-50 1e-50 1e-50 1e-50 1e-50 1e-50 1e-50 1e-50 1e-50 1e-50 1e-50 1e-50 0.767082
0.0569853  699.998 0.00502297 -2.44737 2.57713e-52 1e-50 1e-50 1e-50 0.232918 1e-50 1e-50 1e-50 1e-50 1e-50 1e-50 1e-50 1e-50 1e-50 1e-50 1e-50 1e-50 1e-50 1e-50 1e-50 1e-50 1e-50 1e-50 1e-50 1e-50 1e-50 1e-50 1e-50 1e-50 1e-50 1e-50 1e-50 1e-50 1e-50 1e-50 1e-50 1e-50 1e-50 1e-50 1e-50 1e-50 1e-50 1e-50 1e-50 1e-50 1e-50 1e-50 1e-50 1e-50 1e-50 1e-50 1e-50 1e-50 1e-50 1e-50 1e-50 1e-50 1e-50 1e-50 9.99994e-51 1e-50 1e-50 1e-50 1e-50 1e-50 1e-50 1e-50 1e-50 1e-50 1e-50 1e-50 1e-50 1e-50 1e-50 1e-50 1e-50 1e-50 1e-50 1e-50 1e-50 1e-50 1e-50 1e-50 1e-50 1e-50 1e-50 1e-50 1e-50 0.767082
0.0577206  699.999 0.00502296 -2.38554 2.57713e-52 1e-50 1e-50 1e-50 0.232918 1e-50 1e-50 1e-50 1e-50 1e-50 1e-50 1e-50 1e-50 1e-50 1e-50 1e-50 1e-50 1e-50 1e-50 1e-50 1e-50 1e-50 1e-50 1e-50 1e-50 1e-50 1e-50 1e-50 1e-50 1e-50 1e-50 1e-50 1e-50 1e-50 1e-50 1e-50 1e-50 1e-50 1e-50 1e-50 1e-50 1e-50 1e-50 1e-50 1e-50 1e-50 1e-50 1e-50 1e-50 1e-50 1e-50 1e-50 1e-50 1e-50 1e-50 1e-50 1e-50 1e-50 1e-50 9.99997e-51 1e-50 1e-50 1e-50 1e-50 1e-50 1e-50 1e-50 1e-50 1e-50 1e-50 1e-50 1e-50 1e-50 1e-50 1e-50 1e-50 1e-50 1e-50 1e-50 1e-50 1e-50 1e-50 1e-50 1e-50 1e-50 1e-50 1e-50 1e-50 0.767082
0.0584559  700 0.00502296 -2.32596 2.57713e-52 1e-50 1e-50 1e-50 0.232918 1e-50 1e-50 1e-50 1e-50 1e-50 1e-50 1e-50 1e-50 1e-50 1e-50 1e-50 1e-50 1e-50 1e-50 1e-50 1e-50 1e-50 1e-50 1e-50 1e-50 1e-50 1e-50 1e-50 1e-50 1e-50 1e-50 1e-50 1e-50 1e-50 1e-50 1e-50 1e-50 1e-50 1e-50 1e-50 1e-50 1e-50 1e-50 1e-50 1e-50 1e-50 1e-50 1e-50 1e-50 1e-50 1e-50 1e-50 1e-50 1e-50 1e-50 1e-50 1e-50 1e-50 1e-50 9.99999e-51 1e-50 1e-50 1e-50 1e-50 1e-50 1e-50 1e-50 1e-50 1e-50 1e-50 1e-50 1e-50 1e-50 1e-50 1e-50 1e-50 1e-50 1e-50 1e-50 1e-50 1e-50 1e-50 1e-50 1e-50 1e-50 1e-50 1e-50 1e-50 0.767082
0.0591912  700 0.00502296 -2.26856 2.57713e-52 1e-50 1e-50 1e-50 0.232918 1e-50 1e-50 1e-50 1e-50 1e-50 1e-50 1e-50 1e-50 1e-50 1e-50 1e-50 1e-50 1e-50 1e-50 1e-50 1e-50 1e-50 1e-50 1e-50 1e-50 1e-50 1e-50 1e-50 1e-50 1e-50 1e-50 1e-50 1e-50 1e-50 1e-50 1e-50 1e-50 1e-50 1e-50 1e-50 1e-50 1e-50 1e-50 1e-50 1e-50 1e-50 1e-50 1e-50 1e-50 1e-50 1e-50 1e-50 1e-50 1e-50 1e-50 1e-50 1e-50 1e-50 1e-50 1e-50 1e-50 1e-50 1e-50 1e-50 1e-50 1e-50 1e-50 1e-50 1e-50 1e-50 1e-50 1e-50 1e-50 1e-50 1e-50 1e-50 1e-50 1e-50 1e-50 1e-50 1e-50 1e-50 1e-50 1e-50 1e-50 1e-50 1e-50 1e-50 0.767082
0.0599265  700 0.00502296 -2.21324 2.57713e-52 1e-50 1e-50 1e-50 0.232918 1e-50 1e-50 1e-50 1e-50 1e-50 1e-50 1e-50 1e-50 1e-50 1e-50 1e-50 1e-50 1e-50 1e-50 1e-50 1e-50 1e-50 1e-50 1e-50 1e-50 1e-50 1e-50 1e-50 1e-50 1e-50 1e-50 1e-50 1e-50 1e-50 1e-50 1e-50 1e-50 1e-50 1e-50 1e-50 1e-50 1e-50 1e-50 1e-50 1e-50 1e-50 1e-50 1e-50 1e-50 1e-50 1e-50 1e-50 1e-50 1e-50 1e-50 1e-50 1e-50 1e-50 1e-50 1e-50 1e-50 1e-50 1e-50 1e-50 1e-50 1e-50 1e-50 1e-50 1e-50 1e-50 1e-50 1e-50 1e-50 1e-50 1e-50 1e-50 1e-50 1e-50 1e-50 1e-50 1e-50 1e-50 1e-50 1e-50 1e-50 1e-50 1e-50 1e-50 0.767082
0.0606618  700 0.00502296 -2.15992 2.57713e-52 1e-50 1e-50 1e-50 0.232918 1e-50 1e-50 1e-50 1e-50 1e-50 1e-50 1e-50 1e-50 1e-50 1e-50 1e-50 1e-50 1e-50 1e-50 1e-50 1e-50 1e-50 1e-50 1e-50 1e-50 1e-50 1e-50 1e-50 1e-50 1e-50 1e-50 1e-50 1e-50 1e-50 1e-50 1e-50 1e-50 1e-50 1e-50 1e-50 1e-50 1e-50 1e-50 1e-50 1e-50 1e-50 1e-50 1e-50 1e-50 1e-50 1e-50 1e-50 1e-50 1e-50 1e-50 1e-50 1e-50 1e-50 1e-50 1e-50 1e-50 1e-50 1e-50 1e-50 1e-50 1e-50 1e-50 1e-50 1e-50 1e-50 1e-50 1e-50 1e-50 1e-50 1e-50 1e-50 1e-50 1e-50 1e-50 1e-50 1e-50 1e-50 1e-50 1e-50 1e-50 1e-50 1e-50 1e-50 0.767082
0.0613971  700 0.00502296 -2.10849 2.57713e-52 1e-50 1e-50 1e-50 0.232918 1e-50 1e-50 1e-50 1e-50 1e-50 1e-50 1e-50 1e-50 1e-50 1e-50 1e-50 1e-50 1e-50 1e-50 1e-50 1e-50 1e-50 1e-50 1e-50 1e-50 1e-50 1e-50 1e-50 1e-50 1e-50 1e-50 1e-50 1e-50 1e-50 1e-50 1e-50 1e-50 1e-50 1e-50 1e-50 1e-50 1e-50 1e-50 1e-50 1e-50 1e-50 1e-50 1e-50 1e-50 1e-50 1e-50 1e-50 1e-50 1e-50 1e-50 1e-50 1e-50 1e-50 1e-50 1e-50 1e-50 1e-50 1e-50 1e-50 1e-50 1e-50 1e-50 1e-50 1e-50 1e-50 1e-50 1e-50 1e-50 1e-50 1e-50 1e-50 1e-50 1e-50 1e-50 1e-50 1e-50 1e-50 1e-50 1e-50 1e-50 1e-50 1e-50 1e-50 0.767082
0.0621324  700 0.00502296 -2.05888 2.57713e-52 1e-50 1e-50 1e-50 0.232918 1e-50 1e-50 1e-50 1e-50 1e-50 1e-50 1e-50 1e-50 1e-50 1e-50 1e-50 1e-50 1e-50 1e-50 1e-50 1e-50 1e-50 1e-50 1e-50 1e-50 1e-50 1e-50 1e-50 1e-50 1e-50 1e-50 1e-50 1e-50 1e-50 1e-50 1e-50 1e-50 1e-50 1e-50 1e-50 1e-50 1e-50 1e-50 1e-50 1e-50 1e-50 1e-50 1e-50 1e-50 1e-50 1e-50 1e-50 1e-50 1e-50 1e-50 1e-50 1e-50 1e-50 1e-50 1e-50 1e-50 1e-50 1e-50 1e-50 1e-50 1e-50 1e-50 1e-50 1e-50 1e-50 1e-50 1e-50 1e-50 1e-50 1e-50 1e-50 1e-50 1e-50 1e-50 1e-50 1e-50 1e-50 1e-50 1e-50 1e-50 1e-50 1e-50 1e-50 0.767082
0.0628676  700 0.00502296 -2.01101 2.57713e-52 1e-50 1e-50 1e-50 0.232918 1e-50 1e-50 1e-50 1e-50 1e-50 1e-50 1e-50 1e-50 1e-50 1e-50 1e-50 1e-50 1e-50 1e-50 1e-50 1e-50 1e-50 1e-50 1e-50 1e-50 1e-50 1e-50 1e-50 1e-50 1e-50 1e-50 1e-50 1e-50 1e-50 1e-50 1e-50 1e-50 1e-50 1e-50 1e-50 1e-50 1e-50 1e-50 1e-50 1e-50 1e-50 1e-50 1e-50 1e-50 1e-50 1e-50 1e-50 1e-50 1e-50 1e-50 1e-50 1e-50 1e-50 1e-50 1e-50 1e-50 1e-50 1e-50 1e-50 1e-50 1e-50 1e-50 1e-50 1e-50 1e-50 1e-50 1e-50 1e-50 1e-50 1e-50 1e-50 1e-50 1e-50 1e-50 1e-50 1e-50 1e-50 1e-50 1e-50 1e-50 1e-50 1e-50 1e-50 0.767082
0.0636029  700 0.00502296 -1.96478 2.57713e-52 1e-50 1e-50 1e-50 0.232918 1e-50 1e-50 1e-50 1e-50 1e-50 1e-50 1e-50 1e-50 1e-50 1e-50 1e-50 1e-50 1e-50 1e-50 1e-50 1e-50 1e-50 1e-50 1e-50 1e-50 1e-50 1e-50 1e-50 1e-50 1e-50 1e-50 1e-50 1e-50 1e-50 1e-50 1e-50 1e-50 1e-50 1e-50 1e-50 1e-50 1e-50 1e-50 1e-50 1e-50 1e-50 1e-50 1e-50 1e-50 1e-50 1e-50 1e-50 1e-50 1e-50 1e-50 1e-50 1e-50 1e-50 1e-50 1e-50 1e-50 1e-50 1e-50 1e-50 1e-50 1e-50 1e-50 1e-50 1e-50 1e-50 1e-50 1e-50 1e-50 1e-50 1e-50 1e-50 1e-50 1e-50 1e-50 1e-50 1e-50 1e-50 1e-50 1e-50 1e-50 1e-50 1e-50 1e-50 0.767082
0.0643382  700 0.00502296 -1.92012 2.57713e-52 1e-50 1e-50 1e-50 0.232918 1e-50 1e-50 1e-50 1e-50 1e-50 1e-50 1e-50 1e-50 1e-50 1e-50 1e-50 1e-50 1e-50 1e-50 1e-50 1e-50 1e-50 1e-50 1e-50 1e-50 1e-50 1e-50 1e-50 1e-50 1e-50 1e-50 1e-50 1e-50 1e-50 1e-50 1e-50 1e-50 1e-50 1e-50 1e-50 1e-50 1e-50 1e-50 1e-50 1e-50 1e-50 1e-50 1e-50 1e-50 1e-50 1e-50 1e-50 1e-50 1e-50 1e-50 1e-50 1e-50 1e-50 1e-50 1e-50 1e-50 1e-50 1e-50 1e-50 1e-50 1e-50 1e-50 1e-50 1e-50 1e-50 1e-50 1e-50 1e-50 1e-50 1e-50 1e-50 1e-50 1e-50 1e-50 1e-50 1e-50 1e-50 1e-50 1e-50 1e-50 1e-50 1e-50 1e-50 0.767082
0.0650735  700 0.00502296 -1.87698 2.57713e-52 1e-50 1e-50 1e-50 0.232918 1e-50 1e-50 1e-50 1e-50 1e-50 1e-50 1e-50 1e-50 1e-50 1e-50 1e-50 1e-50 1e-50 1e-50 1e-50 1e-50 1e-50 1e-50 1e-50 1e-50 1e-50 1e-50 1e-50 1e-50 1e-50 1e-50 1e-50 1e-50 1e-50 1e-50 1e-50 1e-50 1e-50 1e-50 1e-50 1e-50 1e-50 1e-50 1e-50 1e-50 1e-50 1e-50 1e-50 1e-50 1e-50 1e-50 1e-50 1e-50 1e-50 1e-50 1e-50 1e-50 1e-50 1e-50 1e-50 1e-50 1e-50 1e-50 1e-50 1e-50 1e-50 1e-50 1e-50 1e-50 1e-50 1e-50 1e-50 1e-50 1e-50 1e-50 1e-50 1e-50 1e-50 1e-50 1e-50 1e-50 1e-50 1e-50 1e-50 1e-50 1e-50 1e-50 1e-50 0.767082
0.0658088  700 0.00502296 -1.83527 2.57713e-52 1e-50 1e-50 1e-50 0.232918 1e-50 1e-50 1e-50 1e-50 1e-50 1e-50 1e-50 1e-50 1e-50 1e-50 1e-50 1e-50 1e-50 1e-50 1e-50 1e-50 1e-50 1e-50 1e-50 1e-50 1e-50 1e-50 1e-50 1e-50 1e-50 1e-50 1e-50 1e-50 1e-50 1e-50 1e-50 1e-50 1e-50 1e-50 1e-50 1e-50 1e-50 1e-50 1e-50 1e-50 1e-50 1e-50 1e-50 1e-50 1e-50 1e-50 1e-50 1e-50 1e-50 1e-50 1e-50 1e-50 1e-50 1e-50 1e-50 1e-50 1e-50 1e-50 1e-50 1e-50 1e-50 1e-50 1e-50 1e-50 1e-50 1e-50 1e-50 1e-50 1e-50 1e-50 1e-50 1e-50 1e-50 1e-50 1e-50 1e-50 1e-50 1e-50 1e-50 1e-50 1e-50 1e-50 1e-50 0.767082
0.0665441  700 0.00502296 -1.79493 2.57713e-52 1e-50 1e-50 1e-50 0.232918 1e-50 1e-50 1e-50 1e-50 1e-50 1e-50 1e-50 1e-50 1e-50 1e-50 1e-50 1e-50 1e-50 1e-50 1e-50 1e-50 1e-50 1e-50 1e-50 1e-50 1e-50 1e-50 1e-50 1e-50 1e-50 1e-50 1e-50 1e-50 1e-50 1e-50 1e-50 1e-50 1e-50 1e-50 1e-50 1e-50 1e-50 1e-50 1e-50 1e-50 1e-50 1e-50 1e-50 1e-50 1e-50 1e-50 1e-50 1e-50 1e-50 1e-50 1e-50 1e-50 1e-50 1e-50 1e-50 1e-50 1e-50 1e-50 1e-50 1e-50 1e-50 1e-50 1e-50 1e-50 1e-50 1e-50 1e-50 1e-50 1e-50 1e-50 1e-50 1e-50 1e-50 1e-50 1e-50 1e-50 1e-50 1e-50 1e-50 1e-50 1e-50 1e-50 1e-50 0.767082
0.0672794  700 0.00502296 -1.75591 2.57713e-52 1e-50 1e-50 1e-50 0.232918 1e-50 1e-50 1e-50 1e-50 1e-50 1e-50 1e-50 1e-50 1e-50 1e-50 1e-50 1e-50 1e-50 1e-50 1e-50 1e-50 1e-50 1e-50 1e-50 1e-50 1e-50 1e-50 1e-50 1e-50 1e-50 1e-50 1e-50 1e-50 1e-50 1e-50 1e-50 1e-50 1e-50 1e-50 1e-50 1e-50 1e-50 1e-50 1e-50 1e-50 1e-50 1e-50 1e-50 1e-50 1e-50 1e-50 1e-50 1e-50 1e-50 1e-50 1e-50 1e-50 1e-50 1e-50 1e-50 1e-50 1e-50 1e-50 1e-50 1e-50 1e-50 1e-50 1e-50 1e-50 1e-50 1e-50 1e-50 1e-50 1e-50 1e-50 1e-50 1e-50 1e-50 1e-50 1e-50 1e-50 1e-50 1e-50 1e-50 1e-50 1e-50 1e-50 1e-50 0.767082
0.0680147  700 0.00502296 -1.71815 2.57713e-52 1e-50 1e-50 1e-50 0.232918 1e-50 1e-50 1e-50 1e-50 1e-50 1e-50 1e-50 1e-50 1e-50 1e-50 1e-50 1e-50 1e-50 1e-50 1e-50 1e-50 1e-50 1e-50 1e-50 1e-50 1e-50 1e-50 1e-50 1e-50 1e-50 1e-50 1e-50 1e-50 1e-50 1e-50 1e-50 1e-50 1e-50 1e-50 1e-50 1e-50 1e-50 1e-50 1e-50 1e-50 1e-50 1e-50 1e-50 1e-50 1e-50 1e-50 1e-50 1e-50 1e-50 1e-50 1e-50 1e-50 1e-50 1e-50 1e-50 1e-50 1e-50 1e-50 1e-50 1e-50 1e-50 1e-50 1e-50 1e-50 1e-50 1e-50 1e-50 1e-50 1e-50 1e-50 1e-50 1e-50 1e-50 1e-50 1e-50 1e-50 1e-50 1e-50 1e-50 1e-50 1e-50 1e-50 1e-50 0.767082
0.06875  700 0.00502296 -1.6816 2.57713e-52 1e-50 1e-50 1e-50 0.232918 1e-50 1e-50 1e-50 1e-50 1e-50 1e-50 1e-50 1e-50 1e-50 1e-50 1e-50 1e-50 1e-50 1e-50 1e-50 1e-50 1e-50 1e-50 1e-50 1e-50 1e-50 1e-50 1e-50 1e-50 1e-50 1e-50 1e-50 1e-50 1e-50 1e-50 1e-50 1e-50 1e-50 1e-50 1e-50 1e-50 1e-50 1e-50 1e-50 1e-50 1e-50 1e-50 1e-50 1e-50 1e-50 1e-50 1e-50 1e-50 1e-50 1e-50 1e-50 1e-50 1e-50 1e-50 1e-50 1e-50 1e-50 1e-50 1e-50 1e-50 1e-50 1e-50 1e-50 1e-50 1e-50 1e-50 1e-50 1e-50 1e-50 1e-50 1e-50 1e-50 1e-50 1e-50 1e-50 1e-50 1e-50 1e-50 1e-50 1e-50 1e-50 1e-50 1e-50 0.767082
0.0694853  700 0.00502296 -1.6462 2.57713e-52 1e-50 1e-50 1e-50 0.232918 1e-50 1e-50 1e-50 1e-50 1e-50 1e-50 1e-50 1e-50 1e-50 1e-50 1e-50 1e-50 1e-50 1e-50 1e-50 1e-50 1e-50 1e-50 1e-50 1e-50 1e-50 1e-50 1e-50 1e-50 1e-50 1e-50 1e-50 1e-50 1e-50 1e-50 1e-50 1e-50 1e-50 1e-50 1e-50 1e-50 1e-50 1e-50 1e-50 1e-50 1e-50 1e-50 1e-50 1e-50 1e-50 1e-50 1e-50 1e-50 1e-50 1e-50 1e-50 1e-50 1e-50 1e-50 1e-50 1e-50 1e-50 1e-50 1e-50 1e-50 1e-50 1e-50 1e-50 1e-50 1e-50 1e-50 1e-50 1e-50 1e-50 1e-50 1e-50 1e-50 1e-50 1e-50 1e-50 1e-50 1e-50 1e-50 1e-50 1e-50 1e-50 1e-50 1e-50 0.767082
0.0702206  700 0.00502296 -1.6119 2.57713e-52 1e-50 1e-50 1e-50 0.232918 1e-50 1e-50 1e-50 1e-50 1e-50 1e-50 1e-50 1e-50 1e-50 1e-50 1e-50 1e-50 1e-50 1e-50 1e-50 1e-50 1e-50 1e-50 1e-50 1e-50 1e-50 1e-50 1e-50 1e-50 1e-50 1e-50 1e-50 1e-50 1e-50 1e-50 1e-50 1e-50 1e-50 1e-50 1e-50 1e-50 1e-50 1e-50 1e-50 1e-50 1e-50 1e-50 1e-50 1e-50 1e-50 1e-50 1e-50 1e-50 1e-50 1e-50 1e-50 1e-50 1e-50 1e-50 1e-50 1e-50 1e-50 1e-50 1e-50 1e-50 1e-50 1e-50 1e-50 1e-50 1e-50 1e-50 1e-50 1e-50 1e-50 1e-50 1e-50 1e-50 1e-50 1e-50 1e-50 1e-50 1e-50 1e-50 1e-50 1e-50 1e-50 1e-50 1e-50 0.767082
0.0709559  700 0.00502296 -1.57867 2.57713e-52 1e-50 1e-50 1e-50 0.232918 1e-50 1e-50 1e-50 1e-50 1e-50 1e-50 1e-50 1e-50 1e-50 1e-50 1e-50 1e-50 1e-50 1e-50 1e-50 1e-50 1e-50 1e-50 1e-50 1e-50 1e-50 1e-50 1e-50 1e-50 1e-50 1e-50 1e-50 1e-50 1e-50 1e-50 1e-50 1e-50 1e-50 1e-50 1e-50 1e-50 1e-50 1e-50 1e-50 1e-50 1e-50 1e-50 1e-50 1e-50 1e-50 1e-50 1e-50 1e-50 1e-50 1e-50 1e-50 1e-50 1e-50 1e-50 1e-50 1e-50 1e-50 1e-50 1e-50 1e-50 1e-50 1e-50 1e-50 1e-50 1e-50 1e-50 1e-50 1e-50 1e-50 1e-50 1e-50 1e-50 1e-50 1e-50 1e-50 1e-50 1e-50 1e-50 1e-50 1e-50 1e-50 1e-50 1e-50 0.767082
0.0716912  700 0.00502296 -1.54645 2.57713e-52 1e-50 1e-50 1e-50 0.232918 1e-50 1e-50 1e-50 1e-50 1e-50 1e-50 1e-50 1e-50 1e-50 1e-50 1e-50 1e-50 1e-50 1e-50 1e-50 1e-50 1e-50 1e-50 1e-50 1e-50 1e-50 1e-50 1e-50 1e-50 1e-50 1e-50 1e-50 1e-50 1e-50 1e-50 1e-50 1e-50 1e-50 1e-50 1e-50 1e-50 1e-50 1e-50 1e-50 1e-50 1e-50 1e-50 1e-50 1e-50 1e-50 1e-50 1e-50 1e-50 1e-50 1e-50 1e-50 1e-50 1e-50 1e-50 1e-50 1e-50 1e-50 1e-50 1e-50 1e-50 1e-50 1e-50 1e-50 1e-50 1e-50 1e-50 1e-50 1e-50 1e-50 1e-50 1e-50 1e-50 1e-50 1e-50 1e-50 1e-50 1e-50 1e-50 1e-50 1e-50 1e-50 1e-50 1e-50 0.767082
0.0724265  700 0.00502296 -1.51521 2.57713e-52 1e-50 1e-50 1e-50 0.232918 1e-50 1e-50 1e-50 1e-50 1e-50 1e-50 1e-50 1e-50 1e-50 1e-50 1e-50 1e-50 1e-50 1e-50 1e-50 1e-50 1e-50 1e-50 1e-50 1e-50 1e-50 1e-50 1e-50 1e-50 1e-50 1e-50 1e-50 1e-50 1e-50 1e-50 1e-50 1e-50 1e-50 1e-50 1e-50 1e-50 1e-50 1e-50 1e-50 1e-50 1e-50 1e-50 1e-50 1e-50 1e-50 1e-50 1e-50 1e-50 1e-50 1e-50 1e-50 1e-50 1e-50 1e-50 1e-50 1e-50 1e-50 1e-50 1e-50 1e-50 1e-50 1e-50 1e-50 1e-50 1e-50 1e-50 1e-50 1e-50 1e-50 1e-50 1e-50 1e-50 1e-50 1e-50 1e-50 1e-50 1e-50 1e-50 1e-50 1e-50 1e-50 1e-50 1e-50 0.767082
0.0731618  700 0.00502296 -1.48491 2.57713e-52 1e-50 1e-50 1e-50 0.232918 1e-50 1e-50 1e-50 1e-50 1e-50 1e-50 1e-50 1e-50 1e-50 1e-50 1e-50 1e-50 1e-50 1e-50 1e-50 1e-50 1e-50 1e-50 1e-50 1e-50 1e-50 1e-50 1e-50 1e-50 1e-50 1e-50 1e-50 1e-50 1e-50 1e-50 1e-50 1e-50 1e-50 1e-50 1e-50 1e-50 1e-50 1e-50 1e-50 1e-50 1e-50 1e-50 1e-50 1e-50 1e-50 1e-50 1e-50 1e-50 1e-50 1e-50 1e-50 1e-50 1e-50 1e-50 1e-50 1e-50 1e-50 1e-50 1e-50 1e-50 1e-50 1e-50 1e-50 1e-50 1e-50 1e-50 1e-50 1e-50 1e-50 1e-50 1e-50 1e-50 1e-50 1e-50 1e-50 1e-50 1e-50 1e-50 1e-50 1e-50 1e-50 1e-50 1e-50 0.767082
0.0739775  700 0.00502296 -1.45234 2.57713e-52 1e-50 1e-50 1e-50 0.232918 1e-50 1e-50 1e-50 1e-50 1e-50 1e-50 1e-50 1e-50 1e-50 1e-50 1e-50 1e-50 1e-50 1e-50 1e-50 1e-50 1e-50 1e-50 1e-50 1e-50 1e-50 1e-50 1e-50 1e-50 1e-50 1e-50 1e-50 1e-50 1e-50 1e-50 1e-50 1e-50 1e-50 1e-50 1e-50 1e-50 1e-50 1e-50 1e-50 1e-50 1e-50 1e-50 1e-50 1e-50 1e-50 1e-50 1e-50 1e-50 1e-50 1e-50 1e-50 1e-50 1e-50 1e-50 1e-50 1e-50 1e-50 1e-50 1e-50 1e-50 1e-50 1e-50 1e-50 1e-50 1e-50 1e-50 1e-50 1e-50 1e-50 1e-50 1e-50 1e-50 1e-50 1e-50 1e-50 1e-50 1e-50 1e-50 1e-50 1e-50 1e-50 1e-50 1e-50 0.767082
0.0748825  700 0.00502296 -1.41745 2.57713e-52 1e-50 1e-50 1e-50 0.232918 1e-50 1e-50 1e-50 1e-50 1e-50 1e-50 1e-50 1e-50 1e-50 1e-50 1e-50 1e-50 1e-50 1e-50 1e-50 1e-50 1e-50 1e-50 1e-50 1e-50 1e-50 1e-50 1e-50 1e-50 1e-50 1e-50 1e-50 1e-50 1e-50 1e-50 1e-50 1e-50 1e-50 1e-50 1e-50 1e-50 1e-50 1e-50 1e-50 1e-50 1e-50 1e-50 1e-50 1e-50 1e-50 1e-50 1e-50 1e-50 1e-50 1e-50 1e-50 1e-50 1e-50 1e-50 1e-50 1e-50 1e-50 1e-50 1e-50 1e-50 1e-50 1e-50 1e-50 1e-50 1e-50 1e-50 1e-50 1e-50 1e-50 1e-50 1e-50 1e-50 1e-50 1e-50 1e-50 1e-50 1e-50 1e-50 1e-50 1e-50 1e-50 1e-50 1e-50 0.767082
0.0758864  700 0.00502296 -1.38019 2.57713e-52 1e-50 1e-50 1e-50 0.232918 1e-50 1e-50 1e-50 1e-50 1e-50 1e-50 1e-50 1e-50 1e-50 1e-50 1e-50 1e-50 1e-50 1e-50 1e-50 1e-50 1e-50 1e-50 1e-50 1e-50 1e-50 1e-50 1e-50 1e-50 1e-50 1e-50 1e-50 1e-50 1e-50 1e-50 1e-50 1e-50 1e-50 1e-50 1e-50 1e-50 1e-50 1e-50 1e-50 1e-50 1e-50 1e-50 1e-50 1e-50 1e-50 1e-50 1e-50 1e-50 1e-50 1e-50 1e-50 1e-50 1e-50 1e-50 1e-50 1e-50 1e-50 1e-50 1e-50 1e-50 1e-50 1e-50 1e-50 1e-50 1e-50 1e-50 1e-50 1e-50 1e-50 1e-50 1e-50 1e-50 1e-50 1e-50 1e-50 1e-50 1e-50 1e-50 1e-50 1e-50 1e-50 1e-50 1e-50 0.767082
0.0770002  700 0.00502296 -1.34055 2.57713e-52 1e-50 1e-50 1e-50 0.232918 1e-50 1e-50 1e-50 1e-50 1e-50 1e-50 1e-50 1e-50 1e-50 1e-50 1e-50 1e-50 1e-50 1e-50 1e-50 1e-50 1e-50 1e-50 1e-50 1e-50 1e-50 1e-50 1e-50 1e-50 1e-50 1e-50 1e-50 1e-50 1e-50 1e-50 1e-50 1e-50 1e-50 1e-50 1e-50 1e-50 1e-50 1e-50 1e-50 1e-50 1e-50 1e-50 1e-50 1e-50 1e-50 1e-50 1e-50 1e-50 1e-50 1e-50 1e-50 1e-50 1e-50 1e-50 1e-50 1e-50 1e-50 1e-50 1e-50 1e-50 1e-50 1e-50 1e-50 1e-50 1e-50 1e-50 1e-50 1e-50 1e-50 1e-50 1e-50 1e-50 1e-50 1e-50 1e-50 1e-50 1e-50 1e-50 1e-50 1e-50 1e-50 1e-50 1e-50 0.767082
0.0782359  700 0.00502296 -1.29854 2.57713e-52 1e-50 1e-50 1e-50 0.232918 1e-50 1e-50 1e-50 1e-50 1e-50 1e-50 1e-50 1e-50 1e-50 1e-50 1e-50 1e-50 1e-50 1e-50 1e-50 1e-50 1e-50 1e-50 1e-50 1e-50 1e-50 1e-50 1e-50 1e-50 1e-50 1e-50 1e-50 1e-50 1e-50 1e-50 1e-50 1e-50 1e-50 1e-50 1e-50 1e-50 1e-50 1e-50 1e-50 1e-50 1e-50 1e-50 1e-50 1e-50 1e-50 1e-50 1e-50 1e-50 1e-50 1e-50 1e-50 1e-50 1e-50 1e-50 1e-50 1e-50 1e-50 1e-50 1e-50 1e-50 1e-50 1e-50 1e-50 1e-50 1e-50 1e-50 1e-50 1e-50 1e-50 1e-50 1e-50 1e-50 1e-50 1e-50 1e-50 1e-50 1e-50 1e-50 1e-50 1e-50 1e-50 1e-50 1e-50 0.767082
0.0796067  700 0.00502296 -1.25421 2.57713e-52 1e-50 1e-50 1e-50 0.232918 1e-50 1e-50 1e-50 1e-50 1e-50 1e-50 1e-50 1e-50 1e-50 1e-50 1e-50 1e-50 1e-50 1e-50 1e-50 1e-50 1e-50 1e-50 1e-50 1e-50 1e-50 1e-50 1e-50 1e-50 1e-50 1e-50 1e-50 1e-50 1e-50 1e-50 1e-50 1e-50 1e-50 1e-50 1e-50 1e-50 1e-50 1e-50 1e-50 1e-50 1e-50 1e-50 1e-50 1e-50 1e-50 1e-50 1e-50 1e-50 1e-50 1e-50 1e-50 1e-50 1e-50 1e-50 1e-50 1e-50 1e-50 1e-50 1e-50 1e-50 1e-50 1e-50 1e-50 1e-50 1e-50 1e-50 1e-50 1e-50 1e-50 1e-50 1e-50 1e-50 1e-50 1e-50 1e-50 1e-50 1e-50 1e-50 1e-50 1e-50 1e-50 1e-50 1e-50 0.767082
0.0811274  700 0.00502296 -1.20763 2.57713e-52 1e-50 1e-50 1e-50 0.232918 1e-50 1e-50 1e-50 1e-50 1e-50 1e-50 1e-50 1e-50 1e-50 1e-50 1e-50 1e-50 1e-50 1e-50 1e-50 1e-50 1e-50 1e-50 1e-50 1e-50 1e-50 1e-50 1e-50 1e-50 1e-50 1e-50 1e-50 1e-50 1e-50 1e-50 1e-50 1e-50 1e-50 1e-50 1e-50 1e-50 1e-50 1e-50 1e-50 1e-50 1e-50 1e-50 1e-50 1e-50 1e-50 1e-50 1e-50 1e-50 1e-50 1e-50 1e-50 1e-50 1e-50 1e-50 1e-50 1e-50 1e-50 1e-50 1e-50 1e-50 1e-50 1e-50 1e-50 1e-50 1e-50 1e-50 1e-50 1e-50 1e-50 1e-50 1e-50 1e-50 1e-50 1e-50 1e-50 1e-50 1e-50 1e-50 1e-50 1e-50 1e-50 1e-50 1e-50 0.767082
0.0828145  700 0.00502296 -1.15892 2.57713e-52 1e-50 1e-50 1e-50 0.232918 1e-50 1e-50 1e-50 1e-50 1e-50 1e-50 1e-50 1e-50 1e-50 1e-50 1e-50 1e-50 1e-50 1e-50 1e-50 1e-50 1e-50 1e-50 1e-50 1e-50 1e-50 1e-50 1e-50 1e-50 1e-50 1e-50 1e-50 1e-50 1e-50 1e-50 1e-50 1e-50 1e-50 1e-50 1e-50 1e-50 1e-50 1e-50 1e-50 1e-50 1e-50 1e-50 1e-50 1e-50 1e-50 1e-50 1e-50 1e-50 1e-50 1e-50 1e-50 1e-50 1e-50 1e-50 1e-50 1e-50 1e-50 1e-50 1e-50 1e-50 1e-50 1e-50 1e-50 1e-50 1e-50 1e-50 1e-50 1e-50 1e-50 1e-50 1e-50 1e-50 1e-50 1e-50 1e-50 1e-50 1e-50 1e-50 1e-50 1e-50 1e-50 1e-50 1e-50 0.767082
0.0846862  700 0.00502296 -1.10826 2.57713e-52 1e-50 1e-50 1e-50 0.232918 1e-50 1e-50 1e-50 1e-50 1e-50 1e-50 1e-50 1e-50 1e-50 1e-50 1e-50 1e-50 1e-50 1e-50 1e-50 1e-50 1e-50 1e-50 1e-50 1e-50 1e-50 1e-50 1e-50 1e-50 1e-50 1e-50 1e-50 1e-50 1e-50 1e-50 1e-50 1e-50 1e-50 1e-50 1e-50 1e-50 1e-50 1e-50 1e-50 1e-50 1e-50 1e-50 1e-50 1e-50 1e-50 1e-50 1e-50 1e-50 1e-50 1e-50 1e-50 1e-50 1e-50 1e-50 1e-50 1e-50 1e-50 1e-50 1e-50 1e-50 1e-50 1e-50 1e-50 1e-50 1e-50 1e-50 1e-50 1e-50 1e-50 1e-50 1e-50 1e-50 1e-50 1e-50 1e-50 1e-50 1e-50 1e-50 1e-50 1e-50 1e-50 1e-50 1e-50 0.767082
0.0867627  700 0.00502296 -1.05585 2.57713e-52 1e-50 1e-50 1e-50 0.232918 1e-50 1e-50 1e-50 1e-50 1e-50 1e-50 1e-50 1e-50 1e-50 1e-50 1e-50 1e-50 1e-50 1e-50 1e-50 1e-50 1e-50 1e-50 1e-50 1e-50 1e-50 1e-50 1e-50 1e-50 1e-50 1e-50 1e-50 1e-50 1e-50 1e-50 1e-50 1e-50 1e-50 1e-50 1e-50 1e-50 1e-50 1e-50 1e-50 1e-50 1e-50 1e-50 1e-50 1e-50 1e-50 1e-50 1e-50 1e-50 1e-50 1e-50 1e-50 1e-50 1e-50 1e-50 1e-50 1e-50 1e-50 1e-50 1e-50 1e-50 1e-50 1e-50 1e-50 1e-50 1e-50 1e-50 1e-50 1e-50 1e-50 1e-50 1e-50 1e-50 1e-50 1e-50 1e-50 1e-50 1e-50 1e-50 1e-50 1e-50 1e-50 1e-50 1e-50 0.767082
0.0890662  700 0.00502296 -1.00194 2.57713e-52 1e-50 1e-50 1e-50 0.232918 1e-50 1e-50 1e-50 1e-50 1e-50 1e-50 1e-50 1e-50 1e-50 1e-50 1e-50 1e-50 1e-50 1e-50 1e-50 1e-50 1e-50 1e-50 1e-50 1e-50 1e-50 1e-50 1e-50 1e-50 1e-50 1e-50 1e-50 1e-50 1e-50 1e-50 1e-50 1e-50 1e-50 1e-50 1e-50 1e-50 1e-50 1e-50 1e-50 1e-50 1e-50 1e-50 1e-50 1e-50 1e-50 1e-50 1e-50 1e-50 1e-50 1e-50 1e-50 1e-50 1e-50 1e-50 1e-50 1e-50 1e-50 1e-50 1e-50 1e-50 1e-50 1e-50 1e-50 1e-50 1e-50 1e-50 1e-50 1e-50 1e-50 1e-50 1e-50 1e-50 1e-50 1e-50 1e-50 1e-50 1e-50 1e-50 1e-50 1e-50 1e-50 1e-50 1e-50 0.767082
0.0916218  700 0.00502296 -0.946825 2.57713e-52 1e-50 1e-50 1e-50 0.232918 1e-50 1e-50 1e-50 1e-50 1e-50 1e-50 1e-50 1e-50 1e-50 1e-50 1e-50 1e-50 1e-50 1e-50 1e-50 1e-50 1e-50 1e-50 1e-50 1e-50 1e-50 1e-50 1e-50 1e-50 1e-50 1e-50 1e-50 1e-50 1e-50 1e-50 1e-50 1e-50 1e-50 1e-50 1e-50 1e-50 1e-50 1e-50 1e-50 1e-50 1e-50 1e-50 1e-50 1e-50 1e-50 1e-50 1e-50 1e-50 1e-50 1e-50 1e-50 1e-50 1e-50 1e-50 1e-50 1e-50 1e-50 1e-50 1e-50 1e-50 1e-50 1e-50 1e-50 1e-50 1e-50 1e-50 1e-50 1e-50 1e-50 1e-50 1e-50 1e-50 1e-50 1e-50 1e-50 1e-50 1e-50 1e-50 1e-50 1e-50 1e-50 1e-50 1e-50 0.767082
0.094457  700 0.00502296 -0.89084 2.57713e-52 1e-50 1e-50 1e-50 0.232918 1e-50 1e-50 1e-50 1e-50 1e-50 1e-50 1e-50 1e-50 1e-50 1e-50 1e-50 1e-50 1e-50 1e-50 1e-50 1e-50 1e-50 1e-50 1e-50 1e-50 1e-50 1e-50 1e-50 1e-50 1e-50 1e-50 1e-50 1e-50 1e-50 1e-50 1e-50 1e-50 1e-50 1e-50 1e-50 1e-50 1e-50 1e-50 1e-50 1e-50 1e-50 1e-50 1e-50 1e-50 1e-50 1e-50 1e-50 1e-50 1e-50 1e-50 1e-50 1e-50 1e-50 1e-50 1e-50 1e-50 1e-50 1e-50 1e-50 1e-50 1e-50 1e-50 1e-50 1e-50 1e-50 1e-50 1e-50 1e-50 1e-50 1e-50 1e-50 1e-50 1e-50 1e-50 1e-50 1e-50 1e-50 1e-50 1e-50 1e-50 1e-50 1e-50 1e-50 0.767082
0.0976023  700 0.00502296 -0.834349 2.57713e-52 1e-50 1e-50 1e-50 0.232918 1e-50 1e-50 1e-50 1e-50 1e-50 1e-50 1e-50 1e-50 1e-50 1e-50 1e-50 1e-50 1e-50 1e-50 1e-50 1e-50 1e-50 1e-50 1e-50 1e-50 1e-50 1e-50 1e-50 1e-50 1e-50 1e-50 1e-50 1e-50 1e-50 1e-50 1e-50 1e-50 1e-50 1e-50 1e-50 1e-50 1e-50 1e-50 1e-50 1e-50 1e-50 1e-50 1e-50 1e-50 1e-50 1e-50 1e-50 1e-50 1e-50 1e-50 1e-50 1e-50 1e-50 1e-50 1e-50 1e-50 1e-50 1e-50 1e-50 1e-50 1e-50 1e-50 1e-50 1e-50 1e-50 1e-50 1e-50 1e-50 1e-50 1e-50 1e-50 1e-50 1e-50 1e-50 1e-50 1e-50 1e-50 1e-50 1e-50 1e-50 1e-50 1e-50 1e-50 0.767082
0.101092  700 0.00502296 -0.777745 2.57713e-52 1e-50 1e-50 1e-50 0.232918 1e-50 1e-50 1e-50 1e-50 1e-50 1e-50 1e-50 1e-50 1e-50 1e-50 1e-50 1e-50 1e-50 1e-50 1e-50 1e-50 1e-50 1e-50 1e-50 1e-50 1e-50 1e-50 1e-50 1e-50 1e-50 1e-50 1e-50 1e-50 1e-50 1e-50 1e-50 1e-50 1e-50 1e-50 1e-50 1e-50 1e-50 1e-50 1e-50 1e-50 1e-50 1e-50 1e-50 1e-50 1e-50 1e-50 1e-50 1e-50 1e-50 1e-50 1e-50 1e-50 1e-50 1e-50 1e-50 1e-50 1e-50 1e-50 1e-50 1e-50 1e-50 1e-50 1e-50 1e-50 1e-50 1e-50 1e-50 1e-50 1e-50 1e-50 1e-50 1e-50 1e-50 1e-50 1e-50 1e-50 1e-50 1e-50 1e-50 1e-50 1e-50 1e-50 1e-50 0.767082
0.104963  700 0.00502296 -0.721436 2.57713e-52 1e-50 1e-50 1e-50 0.232918 1e-50 1e-50 1e-50 1e-50 1e-50 1e-50 1e-50 1e-50 1e-50 1e-50 1e-50 1e-50 1e-50 1e-50 1e-50 1e-50 1e-50 1e-50 1e-50 1e-50 1e-50 1e-50 1e-50 1e-50 1e-50 1e-50 1e-50 1e-50 1e-50 1e-50 1e-50 1e-50 1e-50 1e-50 1e-50 1e-50 1e-50 1e-50 1e-50 1e-50 1e-50 1e-50 1e-50 1e-50 1e-50 1e-50 1e-50 1e-50 1e-50 1e-50 1e-50 1e-50 1e-50 1e-50 1e-50 1e-50 1e-50 1e-50 1e-50 1e-50 1e-50 1e-50 1e-50 1e-50 1e-50 1e-50 1e-50 1e-50 1e-50 1e-50 1e-50 1e-50 1e-50 1e-50 1e-50 1e-50 1e-50 1e-50 1e-50 1e-50 1e-50 1e-50 1e-50 0.767082
0.109257  700 0.00502296 -0.665836 2.57713e-52 1e-50 1e-50 1e-50 0.232918 1e-50 1e-50 1e-50 1e-50 1e-50 1e-50 1e-50 1e-50 1e-50 1e-50 1e-50 1e-50 1e-50 1e-50 1e-50 1e-50 1e-50 1e-50 1e-50 1e-50 1e-50 1e-50 1e-50 1e-50 1e-50 1e-50 1e-50 1e-50 1e-50 1e-50 1e-50 1e-50 1e-50 1e-50 1e-50 1e-50 1e-50 1e-50 1e-50 1e-50 1e-50 1e-50 1e-50 1e-50 1e-50 1e-50 1e-50 1e-50 1e-50 1e-50 1e-50 1e-50 1e-50 1e-50 1e-50 1e-50 1e-50 1e-50 1e-50 1e-50 1e-50 1e-50 1e-50 1e-50 1e-50 1e-50 1e-50 1e-50 1e-50 1e-50 1e-50 1e-50 1e-50 1e-50 1e-50 1e-50 1e-50 1e-50 1e-50 1e-50 1e-50 1e-50 1e-50 0.767082
0.114022  700 0.00502296 -0.611355 2.57713e-52 1e-50 1e-50 1e-50 0.232918 1e-50 1e-50 1e-50 1e-50 1e-50 1e-50 1e-50 1e-50 1e-50 1e-50 1e-50 1e-50 1e-50 1e-50 1e-50 1e-50 1e-50 1e-50 1e-50 1e-50 1e-50 1e-50 1e-50 1e-50 1e-50 1e-50 1e-50 1e-50 1e-50 1e-50 1e-50 1e-50 1e-50 1e-50 1e-50 1e-50 1e-50 1e-50 1e-50 1e-50 1e-50 1e-50 1e-50 1e-50 1e-50 1e-50 1e-50 1e-50 1e-50 1e-50 1e-50 1e-50 1e-50 1e-50 1e-50 1e-50 1e-50 1e-50 1e-50 1e-50 1e-50 1e-50 1e-50 1e-50 1e-50 1e-50 1e-50 1e-50 1e-50 1e-50 1e-50 1e-50 1e-50 1e-50 1e-50 1e-50 1e-50 1e-50 1e-50 1e-50 1e-50 1e-50 1e-50 0.767082
0.119307  700 0.00502296 -0.558386 2.57713e-52 1e-50 1e-50 1e-50 0.232918 1e-50 1e-50 1e-50 1e-50 1e-50 1e-50 1e-50 1e-50 1e-50 1e-50 1e-50 1e-50 1e-50 1e-50 1e-50 1e-50 1e-50 1e-50 1e-50 1e-50 1e-50 1e-50 1e-50 1e-50 1e-50 1e-50 1e-50 1e-50 1e-50 1e-50 1e-50 1e-50 1e-50 1e-50 1e-50 1e-50 1e-50 1e-50 1e-50 1e-50 1e-50 1e-50 1e-50 1e-50 1e-50 1e-50 1e-50 1e-50 1e-50 1e-50 1e-50 1e-50 1e-50 1e-50 1e-50 1e-50 1e-50 1e-50 1e-50 1e-50 1e-50 1e-50 1e-50 1e-50 1e-50 1e-50 1e-50 1e-50 1e-50 1e-50 1e-50 1e-50 1e-50 1e-50 1e-50 1e-50 1e-50 1e-50 1e-50 1e-50 1e-50 1e-50 1e-50 0.767082
0.125171  700 0.00502296 -0.507295 2.57713e-52 1e-50 1e-50 1e-50 0.232918 1e-50 1e-50 1e-50 1e-50 1e-50 1e-50 1e-50 1e-50 1e-50 1e-50 1e-50 1e-50 1e-50 1e-50 1e-50 1e-50 1e-50 1e-50 1e-50 1e-50 1e-50 1e-50 1e-50 1e-50 1e-50 1e-50 1e-50 1e-50 1e-50 1e-50 1e-50 1e-50 1e-50 1e-50 1e-50 1e-50 1e-50 1e-50 1e-50 1e-50 1e-50 1e-50 1e-50 1e-50 1e-50 1e-50 1e-50 1e-50 1e-50 1e-50 1e-50 1e-50 1e-50 1e-50 1e-50 1e-50 1e-50 1e-50 1e-50 1e-50 1e-50 1e-50 1e-50 1e-50 1e-50 1e-50 1e-50 1e-50 1e-50 1e-50 1e-50 1e-50 1e-50 1e-50 1e-50 1e-50 1e-50 1e-50 1e-50 1e-50 1e-50 1e-50 1e-50 0.767082
0.131676  700 0.00502296 -0.45841 2.57713e-52 1e-50 1e-50 1e-50 0.232918 1e-50 1e-50 1e-50 1e-50 1e-50 1e-50 1e-50 1e-50 1e-50 1e-50 1e-50 1e-50 1e-50 1e-50 1e-50 1e-50 1e-50 1e-50 1e-50 1e-50 1e-50 1e-50 1e-50 1e-50 1e-50 1e-50 1e-50 1e-50 1e-50 1e-50 1e-50 1e-50 1e-50 1e-50 1e-50 1e-50 1e-50 1e-50 1e-50 1e-50 1e-50 1e-50 1e-50 1e-50 1e-50 1e-50 1e-50 1e-50 1e-50 1e-50 1e-50 1e-50 1e-50 1e-50 1e-50 1e-50 1e-50 1e-50 1e-50 1e-50 1e-50 1e-50 1e-50 1e-50 1e-50 1e-50 1e-50 1e-50 1e-50 1e-50 1e-50 1e-50 1e-50 1e-50 1e-50 1e-50 1e-50 1e-50 1e-50 1e-50 1e-50 1e-50 1e-50 0.767082
0.138893  700 0.00502296 -0.41201 2.57713e-52 1e-50 1e-50 1e-50 0.232918 1e-50 1e-50 1e-50 1e-50 1e-50 1e-50 1e-50 1e-50 1e-50 1e-50 1e-50 1e-50 1e-50 1e-50 1e-50 1e-50 1e-50 1e-50 1e-50 1e-50 1e-50 1e-50 1e-50 1e-50 1e-50 1e-50 1e-50 1e-50 1e-50 1e-50 1e-50 1e-50 1e-50 1e-50 1e-50 1e-50 1e-50 1e-50 1e-50 1e-50 1e-50 1e-50 1e-50 1e-50 1e-50 1e-50 1e-50 1e-50 1e-50 1e-50 1e-50 1e-50 1e-50 1e-50 1e-50 1e-50 1e-50 1e-50 1e-50 1e-50 1e-50 1e-50 1e-50 1e-50 1e-50 1e-50 1e-50 1e-50 1e-50 1e-50 1e-50 1e-50 1e-50 1e-50 1e-50 1e-50 1e-50 1e-50 1e-50 1e-50 1e-50 1e-50 1e-50 0.767082
0.146899  700 0.00502296 -0.368323 2.57713e-52 1e-50 1e-50 1e-50 0.232918 1e-50 1e-50 1e-50 1e-50 1e-50 1e-50 1e-50 1e-50 1e-50 1e-50 1e-50 1e-50 1e-50 1e-50 1e-50 1e-50 1e-50 1e-50 1e-50 1e-50 1e-50 1e-50 1e-50 1e-50 1e-50 1e-50 1e-50 1e-50 1e-50 1e-50 1e-50 1e-50 1e-50 1e-50 1e-50 1e-50 1e-50 1e-50 1e-50 1e-50 1e-50 1e-50 1e-50 1e-50 1e-50 1e-50 1e-50 1e-50 1e-50 1e-50 1e-50 1e-50 1e-50 1e-50 1e-50 1e-50 1e-50 1e-50 1e-50 1e-50 1e-50 1e-50 1e-50 1e-50 1e-50 1e-50 1e-50 1e-50 1e-50 1e-50 1e-50 1e-50 1e-50 1e-50 1e-50 1e-50 1e-50 1e-50 1e-50 1e-50 1e-50 1e-50 1e-50 0.767082
0.155781  700 0.00502296 -0.327519 2.57713e-52 1e-50 1e-50 1e-50 0.232918 1e-50 1e-50 1e-50 1e-50 1e-50 1e-50 1e-50 1e-50 1e-50 1e-50 1e-50 1e-50 1e-50 1e-50 1e-50 1e-50 1e-50 1e-50 1e-50 1e-50 1e-50 1e-50 1e-50 1e-50 1e-50 1e-50 1e-50 1e-50 1e-50 1e-50 1e-50 1e-50 1e-50 1e-50 1e-50 1e-50 1e-50 1e-50 1e-50 1e-50 1e-50 1e-50 1e-50 1e-50 1e-50 1e-50 1e-50 1e-50 1e-50 1e-50 1e-50 1e-50 1e-50 1e-50 1e-50 1e-50 1e-50 1e-50 1e-50 1e-50 1e-50 1e-50 1e-50 1e-50 1e-50 1e-50 1e-50 1e-50 1e-50 1e-50 1e-50 1e-50 1e-50 1e-50 1e-50 1e-50 1e-50 1e-50 1e-50 1e-50 1e-50 1e-50 1e-50 0.767082
0.165635  700 0.00502296 -0.289709 2.57713e-52 1e-50 1e-50 1e-50 0.232918 1e-50 1e-50 1e-50 1e-50 1e-50 1e-50 1e-50 1e-50 1e-50 1e-50 1e-50 1e-50 1e-50 1e-50 1e-50 1e-50 1e-50 1e-50 1e-50 1e-50 1e-50 1e-50 1e-50 1e-50 1e-50 1e-50 1e-50 1e-50 1e-50 1e-50 1e-50 1e-50 1e-50 1e-50 1e-50 1e-50 1e-50 1e-50 1e-50 1e-50 1e-50 1e-50 1e-50 1e-50 1e-50 1e-50 1e-50 1e-50 1e-50 1e-50 1e-50 1e-50 1e-50 1e-50 1e-50 1e-50 1e-50 1e-50 1e-50 1e-50 1e-50 1e-50 1e-50 1e-50 1e-50 1e-50 1e-50 1e-50 1e-50 1e-50 1e-50 1e-50 1e-50 1e-50 1e-50 1e-50 1e-50 1e-50 1e-50 1e-50 1e-50 1e-50 1e-50 0.767082
0.176567  700 0.00502296 -0.254947 2.57713e-52 1e-50 1e-50 1e-50 0.232918 1e-50 1e-50 1e-50 1e-50 1e-50 1e-50 1e-50 1e-50 1e-50 1e-50 1e-50 1e-50 1e-50 1e-50 1e-50 1e-50 1e-50 1e-50 1e-50 1e-50 1e-50 1e-50 1e-50 1e-50 1e-50 1e-50 1e-50 1e-50 1e-50 1e-50 1e-50 1e-50 1e-50 1e-50 1e-50 1e-50 1e-50 1e-50 1e-50 1e-50 1e-50 1e-50 1e-50 1e-50 1e-50 1e-50 1e-50 1e-50 1e-50 1e-50 1e-50 1e-50 1e-50 1e-50 1e-50 1e-50 1e-50 1e-50 1e-50 1e-50 1e-50 1e-50 1e-50 1e-50 1e-50 1e-50 1e-50 1e-50 1e-50 1e-50 1e-50 1e-50 1e-50 1e-50 1e-50 1e-50 1e-50 1e-50 1e-50 1e-50 1e-50 1e-50 1e-50 0.767082
0.188694  700 0.00502296 -0.223228 2.57713e-52 1e-50 1e-50 1e-50 0.232918 1e-50 1e-50 1e-50 1e-50 1e-50 1e-50 1e-50 1e-50 1e-50 1e-50 1e-50 1e-50 1e-50 1e-50 1e-50 1e-50 1e-50 1e-50 1e-50 1e-50 1e-50 1e-50 1e-50 1e-50 1e-50 1e-50 1e-50 1e-50 1e-50 1e-50 1e-50 1e-50 1e-50 1e-50 1e-50 1e-50 1e-50 1e-50 1e-50 1e-50 1e-50 1e-50 1e-50 1e-50 1e-50 1e-50 1e-50 1e-50 1e-50 1e-50 1e-50 1e-50 1e-50 1e-50 1e-50 1e-50 1e-50 1e-50 1e-50 1e-50 1e-50 1e-50 1e-50 1e-50 1e-50 1e-50 1e-50 1e-50 1e-50 1e-50 1e-50 1e-50 1e-50 1e-50 1e-50 1e-50 1e-50 1e-50 1e-50 1e-50 1e-50 1e-50 1e-50 0.767082
0.202149  700 0.00502296 -0.194503 2.57713e-52 1e-50 1e-50 1e-50 0.232918 1e-50 1e-50 1e-50 1e-50 1e-50 1e-50 1e-50 1e-50 1e-50 1e-50 1e-50 1e-50 1e-50 1e-50 1e-50 1e-50 1e-50 1e-50 1e-50 1e-50 1e-50 1e-50 1e-50 1e-50 1e-50 1e-50 1e-50 1e-50 1e-50 1e-50 1e-50 1e-50 1e-50 1e-50 1e-50 1e-50 1e-50 1e-50 1e-50 1e-50 1e-50 1e-50 1e-50 1e-50 1e-50 1e-50 1e-50 1e-50 1e-50 1e-50 1e-50 1e-50 1e-50 1e-50 1e-50 1e-50 1e-50 1e-50 1e-50 1e-50 1e-50 1e-50 1e-50 1e-50 1e-50 1e-50 1e-50 1e-50 1e-50 1e-50 1e-50 1e-50 1e-50 1e-50 1e-50 1e-50 1e-50 1e-50 1e-50 1e-50 1e-50 1e-50 1e-50 0.767082
0.217075  700 0.00502296 -0.168674 2.57713e-52 1e-50 1e-50 1e-50 0.232918 1e-50 1e-50 1e-50 1e-50 1e-50 1e-50 1e-50 1e-50 1e-50 1e-50 1e-50 1e-50 1e-50 1e-50 1e-50 1e-50 1e-50 1e-50 1e-50 1e-50 1e-50 1e-50 1e-50 1e-50 1e-50 1e-50 1e-50 1e-50 1e-50 1e-50 1e-50 1e-50 1e-50 1e-50 1e-50 1e-50 1e-50 1e-50 1e-50 1e-50 1e-50 1e-50 1e-50 1e-50 1e-50 1e-50 1e-50 1e-50 1e-50 1e-50 1e-50 1e-50 1e-50 1e-50 1e-50 1e-50 1e-50 1e-50 1e-50 1e-50 1e-50 1e-50 1e-50 1e-50 1e-50 1e-50 1e-50 1e-50 1e-50 1e-50 1e-50 1e-50 1e-50 1e-50 1e-50 1e-50 1e-50 1e-50 1e-50 1e-50 1e-50 1e-50 1e-50 0.767082
0.233634  700 0.00502296 -0.145612 2.57713e-52 1e-50 1e-50 1e-50 0.232918 1e-50 1e-50 1e-50 1e-50 1e-50 1e-50 1e-50 1e-50 1e-50 1e-50 1e-50 1e-50 1e-50 1e-50 1e-50 1e-50 1e-50 1e-50 1e-50 1e-50 1e-50 1e-50 1e-50 1e-50 1e-50 1e-50 1e-50 1e-50 1e-50 1e-50 1e-50 1e-50 1e-50 1e-50 1e-50 1e-50 1e-50 1e-50 1e-50 1e-50 1e-50 1e-50 1e-50 1e-50 1e-50 1e-50 1e-50 1e-50 1e-50 1e-50 1e-50 1e-50 1e-50 1e-50 1e-50 1e-50 1e-50 1e-50 1e-50 1e-50 1e-50 1e-50 1e-50 1e-50 1e-50 1e-50 1e-50 1e-50 1e-50 1e-50 1e-50 1e-50 1e-50 1e-50 1e-50 1e-50 1e-50 1e-50 1e-50 1e-50 1e-50 1e-50 1e-50 0.767082
0.252004  700 0.00502296 -0.125156 2.57713e-52 1e-50 1e-50 1e-50 0.232918 1e-50 1e-50 1e-50 1e-50 1e-50 1e-50 1e-50 1e-50 1e-50 1e-50 1e-50 1e-50 1e-50 1e-50 1e-50 1e-50 1e-50 1e-50 1e-50 1e-50 1e-50 1e-50 1e-50 1e-50 1e-50 1e-50 1e-50 1e-50 1e-50 1e-50 1e-50 1e-50 1e-50 1e-50 1e-50 1e-50 1e-50 1e-50 1e-50 1e-50 1e-50 1e-50 1e-50 1e-50 1e-50 1e-50 1e-50 1e-50 1e-50 1e-50 1e-50 1e-50 1e-50 1e-50 1e-50 1e-50 1e-50 1e-50 1e-50 1e-50 1e-50 1e-50 1e-50 1e-50 1e-50 1e-50 1e-50 1e-50 1e-50 1e-50 1e-50 1e-50 1e-50 1e-50 1e-50 1e-50 1e-50 1e-50 1e-50 1e-50 1e-50 1e-50 1e-50 0.767082
0.272384  700 0.00502296 -0.107128 2.57713e-52 1e-50 1e-50 1e-50 0.232918 1e-50 1e-50 1e-50 1e-50 1e-50 1e-50 1e-50 1e-50 1e-50 1e-50 1e-50 1e-50 1e-50 1e-50 1e-50 1e-50 1e-50 1e-50 1e-50 1e-50 1e-50 1e-50 1e-50 1e-50 1e-50 1e-50 1e-50 1e-50 1e-50 1e-50 1e-50 1e-50 1e-50 1e-50 1e-50 1e-50 1e-50 1e-50 1e-50 1e-50 1e-50 1e-50 1e-50 1e-50 1e-50 1e-50 1e-50 1e-50 1e-50 1e-50 1e-50 1e-50 1e-50 1e-50 1e-50 1e-50 1e-50 1e-50 1e-50 1e-50 1e-50 1e-50 1e-50 1e-50 1e-50 1e-50 1e-50 1e-50 1e-50 1e-50 1e-50 1e-50 1e-50 1e-50 1e-50 1e-50 1e-50 1e-50 1e-50 1e-50 1e-50 1e-50 1e-50 0.767082
0.294994  700 0.00502296 -0.0913361 2.57713e-52 1e-50 1e-50 1e-50 0.232918 1e-50 1e-50 1e-50 1e-50 1e-50 1e-50 1e-50 1e-50 1e-50 1e-50 1e-50 1e-50 1e-50 1e-50 1e-50 1e-50 1e-50 1e-50 1e-50 1e-50 1e-50 1e-50 1e-50 1e-50 1e-50 1e-50 1e-50 1e-50 1e-50 1e-50 1e-50 1e-50 1e-50 1e-50 1e-50 1e-50 1e-50 1e-50 1e-50 1e-50 1e-50 1e-50 1e-50 1e-50 1e-50 1e-50 1e-50 1e-50 1e-50 1e-50 1e-50 1e-50 1e-50 1e-50 1e-50 1e-50 1e-50 1e-50 1e-50 1e-50 1e-50 1e-50 1e-50 1e-50 1e-50 1e-50 1e-50 1e-50 1e-50 1e-50 1e-50 1e-50 1e-50 1e-50 1e-50 1e-50 1e-50 1e-50 1e-50 1e-50 1e-50 1e-50 1e-50 0.767082
0.320076  700 0.00502296 -0.077582 2.57713e-52 1e-50 1e-50 1e-50 0.232918 1e-50 1e-50 1e-50 1e-50 1e-50 1e-50 1e-50 1e-50 1e-50 1e-50 1e-50 1e-50 1e-50 1e-50 1e-50 1e-50 1e-50 1e-50 1e-50 1e-50 1e-50 1e-50 1e-50 1e-50 1e-50 1e-50 1e-50 1e-50 1e-50 1e-50 1e-50 1e-50 1e-50 1e-50 1e-50 1e-50 1e-50 1e-50 1e-50 1e-50 1e-50 1e-50 1e-50 1e-50 1e-50 1e-50 1e-50 1e-50 1e-50 1e-50 1e-50 1e-50 1e-50 1e-50 1e-50 1e-50 1e-50 1e-50 1e-50 1e-50 1e-50 1e-50 1e-50 1e-50 1e-50 1e-50 1e-50 1e-50 1e-50 1e-50 1e-50 1e-50 1e-50 1e-50 1e-50 1e-50 1e-50 1e-50 1e-50 1e-50 1e-50 1e-50 1e-50 0.767082
0.347903  700 0.00502296 -0.0656677 2.57713e-52 1e-50 1e-50 1e-50 0.232918 1e-50 1e-50 1e-50 1e-50 1e-50 1e-50 1e-50 1e-50 1e-50 1e-50 1e-50 1e-50 1e-50 1e-50 1e-50 1e-50 1e-50 1e-50 1e-50 1e-50 1e-50 1e-50 1e-50 1e-50 1e-50 1e-50 1e-50 1e-50 1e-50 1e-50 1e-50 1e-50 1e-50 1e-50 1e-50 1e-50 1e-50 1e-50 1e-50 1e-50 1e-50 1e-50 1e-50 1e-50 1e-50 1e-50 1e-50 1e-50 1e-50 1e-50 1e-50 1e-50 1e-50 1e-50 1e-50 1e-50 1e-50 1e-50 1e-50 1e-50 1e-50 1e-50 1e-50 1e-50 1e-50 1e-50 1e-50 1e-50 1e-50 1e-50 1e-50 1e-50 1e-50 1e-50 1e-50 1e-50 1e-50 1e-50 1e-50 1e-50 1e-50 1e-50 1e-50 0.767082
0.378774  700 0.00502296 -0.0553998 2.57713e-52 1e-50 1e-50 1e-50 0.232918 1e-50 1e-50 1e-50 1e-50 1e-50 1e-50 1e-50 1e-50 1e-50 1e-50 1e-50 1e-50 1e-50 1e-50 1e-50 1e-50 1e-50 1e-50 1e-50 1e-50 1e-50 1e-50 1e-50 1e-50 1e-50 1e-50 1e-50 1e-50 1e-50 1e-50 1e-50 1e-50 1e-50 1e-50 1e-50 1e-50 1e-50 1e-50 1e-50 1e-50 1e-50 1e-50 1e-50 1e-50 1e-50 1e-50 1e-50 1e-50 1e-50 1e-50 1e-50 1e-50 1e-50 1e-50 1e-50 1e-50 1e-50 1e-50 1e-50 1e-50 1e-50 1e-50 1e-50 1e-50 1e-50 1e-50 1e-50 1e-50 1e-50 1e-50 1e-50 1e-50 1e-50 1e-50 1e-50 1e-50 1e-50 1e-50 1e-50 1e-50 1e-50 1e-50 1e-50 0.767082
0.413021  700 0.00502296 -0.0465932 2.57713e-52 1e-50 1e-50 1e-50 0.232918 1e-50 1e-50 1e-50 1e-50 1e-50 1e-50 1e-50 1e-50 1e-50 1e-50 1e-50 1e-50 1e-50 1e-50 1e-50 1e-50 1e-50 1e-50 1e-50 1e-50 1e-50 1e-50 1e-50 1e-50 1e-50 1e-50 1e-50 1e-50 1e-50 1e-50 1e-50 1e-50 1e-50 1e-50 1e-50 1e-50 1e-50 1e-50 1e-50 1e-50 1e-50 1e-50 1e-50 1e-50 1e-50 1e-50 1e-50 1e-50 1e-50 1e-50 1e-50 1e-50 1e-50 1e-50 1e-50 1e-50 1e-50 1e-50 1e-50 1e-50 1e-50 1e-50 1e-50 1e-50 1e-50 1e-50 1e-50 1e-50 1e-50 1e-50 1e-50 1e-50 1e-50 1e-50 1e-50 1e-50 1e-50 1e-50 1e-50 1e-50 1e-50 1e-50 1e-50 0.767082
0.451015  700 0.00502296 -0.0390737 2.57713e-52 1e-50 1e-50 1e-50 0.232918 1e-50 1e-50 1e-50 1e-50 1e-50 1e-50 1e-50 1e-50 1e-50 1e-50 1e-50 1e-50 1e-50 1e-50 1e-50 1e-50 1e-50 1e-50 1e-50 1e-50 1e-50 1e-50 1e-50 1e-50 1e-50 1e-50 1e-50 1e-50 1e-50 1e-50 1e-50 1e-50 1e-50 1e-50 1e-50 1e-50 1e-50 1e-50 1e-50 1e-50 1e-50 1e-50 1e-50 1e-50 1e-50 1e-50 1e-50 1e-50 1e-50 1e-50 1e-50 1e-50 1e-50 1e-50 1e-50 1e-50 1e-50 1e-50 1e-50 1e-50 1e-50 1e-50 1e-50 1e-50 1e-50 1e-50 1e-50 1e-50 1e-50 1e-50 1e-50 1e-50 1e-50 1e-50 1e-50 1e-50 1e-50 1e-50 1e-50 1e-50 1e-50 1e-50 1e-50 0.767082
0.493166  700 0.00502296 -0.0326799 2.57713e-52 1e-50 1e-50 1e-50 0.232918 1e-50 1e-50 1e-50 1e-50 1e-50 1e-50 1e-50 1e-50 1e-50 1e-50 1e-50 1e-50 1e-50 1e-50 1e-50 1e-50 1e-50 1e-50 1e-50 1e-50 1e-50 1e-50 1e-50 1e-50 1e-50 1e-50 1e-50 1e-50 1e-50 1e-50 1e-50 1e-50 1e-50 1e-50 1e-50 1e-50 1e-50 1e-50 1e-50 1e-50 1e-50 1e-50 1e-50 1e-50 1e-50 1e-50 1e-50 1e-50 1e-50 1e-50 1e-50 1e-50 1e-50 1e-50 1e-50 1e-50 1e-50 1e-50 1e-50 1e-50 1e-50 1e-50 1e-50 1e-50 1e-50 1e-50 1e-50 1e-50 1e-50 1e-50 1e-50 1e-50 1e-50 1e-50 1e-50 1e-50 1e-50 1e-50 1e-50 1e-50 1e-50 1e-50 1e-50 0.767082
0.539928  700 0.00502296 -0.0272644 2.57713e-52 1e-50 1e-50 1e-50 0.232918 1e-50 1e-50 1e-50 1e-50 1e-50 1e-50 1e-50 1e-50 1e-50 1e-50 1e-50 1e-50 1e-50 1e-50 1e-50 1e-50 1e-50 1e-50 1e-50 1e-50 1e-50 1e-50 1e-50 1e-50 1e-50 1e-50 1e-50 1e-50 1e-50 1e-50 1e-50 1e-50 1e-50 1e-50 1e-50 1e-50 1e-50 1e-50 1e-50 1e-50 1e-50 1e-50 1e-50 1e-50 1e-50 1e-50 1e-50 1e-50 1e-50 1e-50 1e-50 1e-50 1e-50 1e-50 1e-50 1e-50 1e-50 1e-50 1e-50 1e-50 1e-50 1e-50 1e-50 1e-50 1e-50 1e-50 1e-50 1e-50 1e-50 1e-50 1e-50 1e-50 1e-50 1e-50 1e-50 1e-50 1e-50 1e-50 1e-50 1e-50 1e-50 1e-50 1e-50 0.767082
0.591805  700 0.00502296 -0.022694 2.57713e-52 1e-50 1e-50 1e-50 0.232918 1e-50 1e-50 1e-50 1e-50 1e-50 1e-50 1e-50 1e-50 1e-50 1e-50 1e-50 1e-50 1e-50 1e-50 1e-50 1e-50 1e-50 1e-50 1e-50 1e-50 1e-50 1e-50 1e-50 1e-50 1e-50 1e-50 1e-50 1e-50 1e-50 1e-50 1e-50 1e-50 1e-50 1e-50 1e-50 1e-50 1e-50 1e-50 1e-50 1e-50 1e-50 1e-50 1e-50 1e-50 1e-50 1e-50 1e-50 1e-50 1e-50 1e-50 1e-50 1e-50 1e-50 1e-50 1e-50 1e-50 1e-50 1e-50 1e-50 1e-50 1e-50 1e-50 1e-50 1e-50 1e-50 1e-50 1e-50 1e-50 1e-50 1e-50 1e-50 1e-50 1e-50 1e-50 1e-50 1e-50 1e-50 1e-50 1e-50 1e-50 1e-50 1e-50 1e-50 0.767082
0.649357  700 0.00502296 -0.0188496 2.57713e-52 1e-50 1e-50 1e-50 0.232918 1e-50 1e-50 1e-50 1e-50 1e-50 1e-50 1e-50 1e-50 1e-50 1e-50 1e-50 1e-50 1e-50 1e-50 1e-50 1e-50 1e-50 1e-50 1e-50 1e-50 1e-50 1e-50 1e-50 1e-50 1e-50 1e-50 1e-50 1e-50 1e-50 1e-50 1e-50 1e-50 1e-50 1e-50 1e-50 1e-50 1e-50 1e-50 1e-50 1e-50 1e-50 1e-50 1e-50 1e-50 1e-50 1e-50 1e-50 1e-50 1e-50 1e-50 1e-50 1e-50 1e-50 1e-50 1e-50 1e-50 1e-50 1e-50 1e-50 1e-50 1e-50 1e-50 1e-50 1e-50 1e-50 1e-50 1e-50 1e-50 1e-50 1e-50 1e-50 1e-50 1e-50 1e-50 1e-50 1e-50 1e-50 1e-50 1e-50 1e-50 1e-50 1e-50 1e-50 0.767082
0.713204  700 0.00502296 -0.0156257 2.57713e-52 1e-50 1e-50 1e-50 0.232918 1e-50 1e-50 1e-50 1e-50 1e-50 1e-50 1e-50 1e-50 1e-50 1e-50 1e-50 1e-50 1e-50 1e-50 1e-50 1e-50 1e-50 1e-50 1e-50 1e-50 1e-50 1e-50 1e-50 1e-50 1e-50 1e-50 1e-50 1e-50 1e-50 1e-50 1e-50 1e-50 1e-50 1e-50 1e-50 1e-50 1e-50 1e-50 1e-50 1e-50 1e-50 1e-50 1e-50 1e-50 1e-50 1e-50 1e-50 1e-50 1e-50 1e-50 1e-50 1e-50 1e-50 1e-50 1e-50 1e-50 1e-50 1e-50 1e-50 1e-50 1e-50 1e-50 1e-50 1e-50 1e-50 1e-50 1e-50 1e-50 1e-50 1e-50 1e-50 1e-50 1e-50 1e-50 1e-50 1e-50 1e-50 1e-50 1e-50 1e-50 1e-50 1e-50 1e-50 0.767082
0.784037  700 0.00502296 -0.0129299 2.57713e-52 1e-50 1e-50 1e-50 0.232918 1e-50 1e-50 1e-50 1e-50 1e-50 1e-50 1e-50 1e-50 1e-50 1e-50 1e-50 1e-50 1e-50 1e-50 1e-50 1e-50 1e-50 1e-50 1e-50 1e-50 1e-50 1e-50 1e-50 1e-50 1e-50 1e-50 1e-50 1e-50 1e-50 1e-50 1e-50 1e-50 1e-50 1e-50 1e-50 1e-50 1e-50 1e-50 1e-50 1e-50 1e-50 1e-50 1e-50 1e-50 1e-50 1e-50 1e-50 1e-50 1e-50 1e-50 1e-50 1e-50 1e-50 1e-50 1e-50 1e-50 1e-50 1e-50 1e-50 1e-50 1e-50 1e-50 1e-50 1e-50 1e-50 1e-50 1e-50 1e-50 1e-50 1e-50 1e-50 1e-50 1e-50 1e-50 1e-50 1e-50 1e-50 1e-50 1e-50 1e-50 1e-50 1e-50 1e-50 0.767082
0.862618  700 0.00502296 -0.0106815 2.57713e-52 1e-50 1e-50 1e-50 0.232918 1e-50 1e-50 1e-50 1e-50 1e-50 1e-50 1e-50 1e-50 1e-50 1e-50 1e-50 1e-50 1e-50 1e-50 1e-50 1e-50 1e-50 1e-50 1e-50 1e-50 1e-50 1e-50 1e-50 1e-50 1e-50 1e-50 1e-50 1e-50 1e-50 1e-50 1e-50 1e-50 1e-50 1e-50 1e-50 1e-50 1e-50 1e-50 1e-50 1e-50 1e-50 1e-50 1e-50 1e-50 1e-50 1e-50 1e-50 1e-50 1e-50 1e-50 1e-50 1e-50 1e-50 1e-50 1e-50 1e-50 1e-50 1e-50 1e-50 1e-50 1e-50 1e-50 1e-50 1e-50 1e-50 1e-50 1e-50 1e-50 1e-50 1e-50 1e-50 1e-50 1e-50 1e-50 1e-50 1e-50 1e-50 1e-50 1e-50 1e-50 1e-50 1e-50 1e-50 0.767082
0.949795  700 0.00502296 -0.00881065 2.57713e-52 1e-50 1e-50 1e-50 0.232918 1e-50 1e-50 1e-50 1e-50 1e-50 1e-50 1e-50 1e-50 1e-50 1e-50 1e-50 1e-50 1e-50 1e-50 1e-50 1e-50 1e-50 1e-50 1e-50 1e-50 1e-50 1e-50 1e-50 1e-50 1e-50 1e-50 1e-50 1e-50 1e-50 1e-50 1e-50 1e-50 1e-50 1e-50 1e-50 1e-50 1e-50 1e-50 1e-50 1e-50 1e-50 1e-50 1e-50 1e-50 1e-50 1e-50 1e-50 1e-50 1e-50 1e-50 1e-50 1e-50 1e-50 1e-50 1e-50 1e-50 1e-50 1e-50 1e-50 1e-50 1e-50 1e-50 1e-50 1e-50 1e-50 1e-50 1e-50 1e-50 1e-50 1e-50 1e-50 1e-50 1e-50 1e-50 1e-50 1e-50 1e-50 1e-50 1e-50 1e-50 1e-50 1e-50 1e-50 0.767082
1.04651  700 0.00502296 -0.00725741 2.57713e-52 1e-50 1e-50 1e-50 0.232918 1e-50 1e-50 1e-50 1e-50 1e-50 1e-50 1e-50 1e-50 1e-50 1e-50 1e-50 1e-50 1e-50 1e-50 1e-50 1e-50 1e-50 1e-50 1e-50 1e-50 1e-50 1e-50 1e-50 1e-50 1e-50 1e-50 1e-50 1e-50 1e-50 1e-50 1e-50 1e-50 1e-50 1e-50 1e-50 1e-50 1e-50 1e-50 1e-50 1e-50 1e-50 1e-50 1e-50 1e-50 1e-50 1e-50 1e-50 1e-50 1e-50 1e-50 1e-50 1e-50 1e-50 1e-50 1e-50 1e-50 1e-50 1e-50 1e-50 1e-50 1e-50 1e-50 1e-50 1e-50 1e-50 1e-50 1e-50 1e-50 1e-50 1e-50 1e-50 1e-50 1e-50 1e-50 1e-50 1e-50 1e-50 1e-50 1e-50 1e-50 1e-50 1e-50 1e-50 0.767082
1.1538  700 0.00502296 -0.00597042 2.57713e-52 1e-50 1e-50 1e-50 0.232918 1e-50 1e-50 1e-50 1e-50 1e-50 1e-50 1e-50 1e-50 1e-50 1e-50 1e-50 1e-50 1e-50 1e-50 1e-50 1e-50 1e-50 1e-50 1e-50 1e-50 1e-50 1e-50 1e-50 1e-50 1e-50 1e-50 1e-50 1e-50 1e-50 1e-50 1e-50 1e-50 1e-50 1e-50 1e-50 1e-50 1e-50 1e-50 1e-50 1e-50 1e-50 1e-50 1e-50 1e-50 1e-50 1e-50 1e-50 1e-50 1e-50 1e-50 1e-50 1e-50 1e-50 1e-50 1e-50 1e-50 1e-50 1e-50 1e-50 1e-50 1e-50 1e-50 1e-50 1e-50 1e-50 1e-50 1e-50 1e-50 1e-50 1e-50 1e-50 1e-50 1e-50 1e-50 1e-50 1e-50 1e-50 1e-50 1e-50 1e-50 1e-50 1e-50 1e-50 0.767082
1.27283  700 0.00502296 -0.00490596 2.57713e-52 1e-50 1e-50 1e-50 0.232918 1e-50 1e-50 1e-50 1e-50 1e-50 1e-50 1e-50 1e-50 1e-50 1e-50 1e-50 1e-50 1e-50 1e-50 1e-50 1e-50 1e-50 1e-50 1e-50 1e-50 1e-50 1e-50 1e-50 1e-50 1e-50 1e-50 1e-50 1e-50 1e-50 1e-50 1e-50 1e-50 1e-50 1e-50 1e-50 1e-50 1e-50 1e-50 1e-50 1e-50 1e-50 1e-50 1e-50 1e-50 1e-50 1e-50 1e-50 1e-50 1e-50 1e-50 1e-50 1e-50 1e-50 1e-50 1e-50 1e-50 1e-50 1e-50 1e-50 1e-50 1e-50 1e-50 1e-50 1e-50 1e-50 1e-50 1e-50 1e-50 1e-50 1e-50 1e-50 1e-50 1e-50 1e-50 1e-50 1e-50 1e-50 1e-50 1e-50 1e-50 1e-50 1e-50 1e-50 0.767082
1.40489  700 0.00502296 -0.00490596 2.57713e-52 1e-50 1e-50 1e-50 0.232918 1e-50 1e-50 1e-50 1e-50 1e-50 1e-50 1e-50 1e-50 1e-50 1e-50 1e-50 1e-50 1e-50 1e-50 1e-50 1e-50 1e-50 1e-50 1e-50 1e-50 1e-50 1e-50 1e-50 1e-50 1e-50 1e-50 1e-50 1e-50 1e-50 1e-50 1e-50 1e-50 1e-50 1e-50 1e-50 1e-50 1e-50 1e-50 1e-50 1e-50 1e-50 1e-50 1e-50 1e-50 1e-50 1e-50 1e-50 1e-50 1e-50 1e-50 1e-50 1e-50 1e-50 1e-50 1e-50 1e-50 1e-50 1e-50 1e-50 1e-50 1e-50 1e-50 1e-50 1e-50 1e-50 1e-50 1e-50 1e-50 1e-50 1e-50 1e-50 1e-50 1e-50 1e-50 1e-50 1e-50 1e-50 1e-50 1e-50 1e-50 1e-50 1e-50 1e-50 0.767082
