TITLE="Graphics"
VARIABLES = "t, s", "Steps", "Error test fails", "NLS step fails", "Current step size", "Residual fn evals", "NLS iters", "Jac fn evals"
1e-17 0 0 0 1e-17 0 0 0


2.8748e-19 1 3 0 1.3123e-19 8 8 4


1.33732e-18 2 3 0 1.04984e-18 9 9 4


9.73606e-18 3 3 0 8.39874e-18 10 10 5


7.6926e-17 4 3 0 6.71899e-17 11 11 6


6.14445e-16 5 3 0 5.37519e-16 12 12 7


4.9146e-15 6 3 0 4.30015e-15 13 13 8


3.93158e-14 7 3 0 3.44012e-14 14 14 9


3.14526e-13 8 3 0 2.7521e-13 15 15 10


9.58441e-13 9 3 0 6.43915e-13 17 17 11


2.32792e-12 10 3 0 1.36948e-12 19 19 12


3.6974e-12 11 3 0 1.36948e-12 21 21 13


5.06687e-12 12 3 0 1.36948e-12 22 22 13


1.60227e-11 13 3 0 1.09558e-11 23 23 13


1.6152e-11 14 4 0 4.97287e-12 27 27 15


2.11249e-11 15 4 0 4.97287e-12 29 29 15


3.11364e-11 16 4 0 1.00115e-11 30 30 15


6.156e-11 17 4 0 3.04236e-11 32 32 15


9.19836e-11 18 4 0 3.04236e-11 34 34 16


1.70972e-10 19 4 0 7.8988e-11 35 35 16


2.4996e-10 20 4 0 7.8988e-11 37 37 17


3.28948e-10 21 4 0 7.8988e-11 38 38 17


4.88108e-10 22 4 0 1.59161e-10 39 39 17


6.47269e-10 23 4 0 1.59161e-10 41 41 18


8.0643e-10 24 4 0 1.59161e-10 42 42 18


9.6559e-10 25 4 0 1.59161e-10 43 43 18


1.12475e-09 26 4 0 1.59161e-10 44 44 18


1.28391e-09 27 4 1 1.59161e-10 48 48 19


1.44307e-09 28 4 1 1.59161e-10 49 49 19


1.60223e-09 29 4 1 1.59161e-10 50 50 19


1.76139e-09 30 4 1 1.59161e-10 51 51 19


1.82503e-09 31 5 1 1.11399e-10 54 54 19


1.93643e-09 32 5 1 1.11399e-10 57 57 19


2.04783e-09 33 5 1 1.11399e-10 60 60 19


2.15923e-09 34 5 1 1.11399e-10 63 63 19


2.27063e-09 35 5 1 1.11399e-10 67 67 19


2.53044e-09 36 5 1 2.59808e-10 70 70 19


2.79025e-09 37 5 1 2.59808e-10 72 72 20


3.05005e-09 38 5 1 2.59808e-10 73 73 20


3.30986e-09 39 5 1 2.59808e-10 74 74 20


3.88092e-09 40 5 1 5.71062e-10 75 75 20


4.45199e-09 41 5 1 5.71062e-10 77 77 21


5.02305e-09 42 5 1 5.71062e-10 78 78 21


5.59411e-09 43 5 1 5.71062e-10 79 79 21


6.16517e-09 44 5 1 5.71062e-10 80 80 21


6.73623e-09 45 5 1 5.71062e-10 81 81 21


7.25019e-09 46 5 2 5.13956e-10 87 87 22


7.76414e-09 47 5 2 5.13956e-10 89 89 22


8.2781e-09 48 5 2 5.13956e-10 90 90 22


8.79206e-09 49 5 2 5.13956e-10 91 91 22


9.91079e-09 50 5 2 1.11874e-09 92 92 22


1.10295e-08 51 5 2 1.11874e-09 94 94 22


1.21483e-08 52 5 2 1.11874e-09 96 96 22


1.3267e-08 53 5 3 1.11874e-09 102 102 23


1.43857e-08 54 5 3 1.11874e-09 103 103 23


1.55045e-08 55 5 3 1.11874e-09 104 104 23


1.66232e-08 56 5 3 1.11874e-09 106 106 23


1.7742e-08 57 5 3 1.11874e-09 107 107 23


1.88607e-08 58 5 3 1.11874e-09 108 108 23


1.99794e-08 59 5 3 1.11874e-09 109 109 23


2.10982e-08 60 5 3 1.11874e-09 110 110 23


2.22169e-08 61 5 3 1.11874e-09 111 111 23


2.33356e-08 62 5 3 1.11874e-09 112 112 23


2.44544e-08 63 5 3 1.11874e-09 113 113 23


2.55731e-08 64 5 3 1.11874e-09 114 114 23


2.66919e-08 65 5 3 1.11874e-09 115 115 23


2.78106e-08 66 5 3 1.11874e-09 116 116 23


2.89293e-08 67 5 3 1.11874e-09 118 118 23


3.00481e-08 68 5 3 1.11874e-09 119 119 23


3.11668e-08 69 5 3 1.11874e-09 120 120 23


3.22856e-08 70 5 3 1.11874e-09 121 121 23


3.34043e-08 71 5 3 1.11874e-09 122 122 23


3.4523e-08 72 5 3 1.11874e-09 124 124 23


3.7005e-08 73 5 3 2.48192e-09 125 125 23


3.94869e-08 74 5 3 2.48192e-09 127 127 24


4.19688e-08 75 5 3 2.48192e-09 128 128 24


4.44507e-08 76 5 3 2.48192e-09 129 129 24


4.69326e-08 77 5 3 2.48192e-09 130 130 24


5.21588e-08 78 5 3 5.22615e-09 132 132 24


5.7385e-08 79 5 3 5.22615e-09 134 134 25


6.26111e-08 80 5 3 5.22615e-09 135 135 25


6.78373e-08 81 5 3 5.22615e-09 136 136 25


7.87367e-08 82 5 3 1.08994e-08 137 137 25


8.96361e-08 83 5 3 1.08994e-08 139 139 26


1.00535e-07 84 5 3 1.08994e-08 140 140 26


1.30716e-07 85 5 3 3.01802e-08 141 141 26


1.60896e-07 86 5 3 3.01802e-08 143 143 27


2.62256e-07 87 5 3 1.0136e-07 144 144 27


3.5348e-07 88 5 3 9.12238e-08 146 146 28


4.44703e-07 89 5 3 9.12238e-08 148 148 28


5.35927e-07 90 5 3 9.12238e-08 149 149 28


6.27151e-07 91 5 3 9.12238e-08 150 150 28


7.18375e-07 92 5 3 9.12238e-08 151 151 28


1.00312e-06 93 5 3 2.84749e-07 152 152 28


1.24862e-06 94 5 3 2.45494e-07 154 154 29


1.49411e-06 95 5 3 2.45494e-07 156 156 29


1.73961e-06 96 5 3 2.45494e-07 157 157 29


1.9851e-06 97 5 3 2.45494e-07 158 158 29


2.23059e-06 98 5 3 2.45494e-07 159 159 29


2.47609e-06 99 5 3 2.45494e-07 160 160 29


3.08701e-06 100 5 3 6.10923e-07 161 161 29


3.63684e-06 101 5 3 5.49831e-07 163 163 30


4.18667e-06 102 5 3 5.49831e-07 165 165 30


4.7365e-06 103 5 3 5.49831e-07 166 166 30


5.28633e-06 104 5 3 5.49831e-07 167 167 30


5.83617e-06 105 5 3 5.49831e-07 168 168 30


6.386e-06 106 5 3 5.49831e-07 169 169 30


6.93583e-06 107 5 3 5.49831e-07 170 170 30


7.48566e-06 108 5 3 5.49831e-07 171 171 30


8.48566e-06 109 5 3 1e-06 172 172 30


9.48566e-06 110 5 3 1e-06 174 174 30


1.04857e-05 111 5 3 1e-06 175 175 30


1.14857e-05 112 5 3 1e-06 176 176 30


1.24857e-05 113 5 3 1e-06 177 177 30


1.34857e-05 114 5 3 1e-06 178 178 30


1.44857e-05 115 5 3 1e-06 179 179 30


1.54857e-05 116 5 3 1e-06 180 180 30


1.64857e-05 117 5 3 1e-06 181 181 30


1.74857e-05 118 5 3 1e-06 183 183 30


1.84857e-05 119 5 3 1e-06 185 185 30


1.94857e-05 120 5 3 1e-06 187 187 30


2.04857e-05 121 5 3 1e-06 189 189 30


2.14857e-05 122 5 3 1e-06 191 191 30


2.24857e-05 123 5 3 1e-06 193 193 30


2.34857e-05 124 5 3 1e-06 195 195 30


2.44857e-05 125 5 3 1e-06 197 197 30


2.54857e-05 126 5 3 1e-06 199 199 31


2.64857e-05 127 5 3 1e-06 200 200 31


2.74857e-05 128 5 3 1e-06 201 201 31


2.84857e-05 129 5 3 1e-06 202 202 31


2.94857e-05 130 5 3 1e-06 203 203 31


3.04857e-05 131 5 3 1e-06 204 204 31


3.14857e-05 132 5 3 1e-06 205 205 31


3.24857e-05 133 5 3 1e-06 206 206 31


3.34857e-05 134 5 3 1e-06 207 207 31


3.44857e-05 135 5 3 1e-06 209 209 31


3.54857e-05 136 5 3 1e-06 210 210 31


3.64857e-05 137 5 3 1e-06 211 211 31


3.74857e-05 138 5 3 1e-06 212 212 31


3.84857e-05 139 5 3 1e-06 213 213 31


3.94857e-05 140 5 3 1e-06 214 214 31


4.04857e-05 141 5 3 1e-06 215 215 31


4.14857e-05 142 5 3 1e-06 216 216 31


4.24857e-05 143 5 3 1e-06 217 217 31


4.34857e-05 144 5 3 1e-06 218 218 31


4.44857e-05 145 5 3 1e-06 219 219 31


4.54857e-05 146 5 3 1e-06 220 220 31


4.64857e-05 147 5 3 1e-06 222 222 31


4.74857e-05 148 5 3 1e-06 223 223 31


4.84857e-05 149 5 3 1e-06 224 224 31


4.94857e-05 150 5 3 1e-06 225 225 31


5.04857e-05 151 5 3 1e-06 226 226 31


5.14857e-05 152 5 3 1e-06 227 227 31


5.24857e-05 153 5 3 1e-06 228 228 31


5.34857e-05 154 5 3 1e-06 229 229 31


5.44857e-05 155 5 3 1e-06 230 230 31


5.54857e-05 156 5 3 1e-06 232 232 31


5.64857e-05 157 5 3 1e-06 233 233 31


5.74857e-05 158 5 3 1e-06 235 235 31


5.84857e-05 159 5 3 1e-06 237 237 31


5.94857e-05 160 5 3 1e-06 238 238 31


6.04857e-05 161 5 3 1e-06 239 239 31


6.14857e-05 162 5 3 1e-06 241 241 31


6.24857e-05 163 5 3 1e-06 242 242 31


6.34857e-05 164 5 3 1e-06 244 244 31


6.44857e-05 165 5 3 1e-06 246 246 31


6.54857e-05 166 5 3 1e-06 248 248 31


6.64857e-05 167 5 3 1e-06 250 250 31


6.74857e-05 168 5 3 1e-06 251 251 31


6.84857e-05 169 5 3 1e-06 252 252 31


6.94857e-05 170 5 3 1e-06 254 254 31


7.04857e-05 171 5 3 1e-06 257 257 31


7.14857e-05 172 5 3 1e-06 259 259 31


7.24857e-05 173 5 3 1e-06 261 261 31


7.34857e-05 174 5 3 1e-06 262 262 31


7.44857e-05 175 5 3 1e-06 263 263 31


7.54857e-05 176 5 3 1e-06 265 265 31


7.64857e-05 177 5 3 1e-06 268 268 31


7.74857e-05 178 5 3 1e-06 270 270 31


7.84857e-05 179 5 3 1e-06 272 272 31


7.94857e-05 180 5 3 1e-06 273 273 31


8.04857e-05 181 5 3 1e-06 274 274 31


8.14857e-05 182 5 3 1e-06 276 276 31


8.24857e-05 183 5 3 1e-06 279 279 31


8.34857e-05 184 5 3 1e-06 281 281 31


8.44857e-05 185 5 3 1e-06 283 283 31


8.54857e-05 186 5 3 1e-06 285 285 31


8.64857e-05 187 5 3 1e-06 287 287 31


8.74857e-05 188 5 3 1e-06 289 289 31


8.84857e-05 189 5 3 1e-06 292 292 31


8.94857e-05 190 5 3 1e-06 294 294 31


9.04857e-05 191 5 3 1e-06 296 296 31


9.14857e-05 192 5 3 1e-06 298 298 31


9.24857e-05 193 5 3 1e-06 300 300 31


9.34857e-05 194 5 3 1e-06 303 303 31


9.44857e-05 195 5 3 1e-06 307 307 31


9.54857e-05 196 5 3 1e-06 309 309 31


9.64857e-05 197 5 3 1e-06 311 311 31


9.74857e-05 198 5 3 1e-06 313 313 31


9.84857e-05 199 5 3 1e-06 315 315 31


9.94857e-05 200 5 3 1e-06 317 317 31


0.000100486 201 5 3 1e-06 320 320 31


0.000101486 202 5 3 1e-06 323 323 31


0.000102486 203 5 3 1e-06 326 326 31


0.000103486 204 5 3 1e-06 328 328 31


0.000104486 205 5 3 1e-06 330 330 31


0.000105486 206 5 3 1e-06 332 332 31


0.000106486 207 5 3 1e-06 335 335 31


0.000107486 208 5 3 1e-06 338 338 31


0.000108486 209 5 3 1e-06 341 341 31


0.000109486 210 5 3 1e-06 343 343 31


0.000110486 211 5 3 1e-06 346 346 31


0.000111486 212 5 3 1e-06 348 348 31


0.000112486 213 5 3 1e-06 351 351 31


0.000113486 214 5 3 1e-06 354 354 31


0.000114486 215 5 3 1e-06 357 357 31


0.000115486 216 5 3 1e-06 359 359 31


0.000116486 217 5 3 1e-06 361 361 31


0.000117486 218 5 3 1e-06 364 364 31


0.000118486 219 5 3 1e-06 368 368 31


0.000119486 220 5 3 1e-06 371 371 31


0.000120486 221 5 3 1e-06 374 374 31


0.000121486 222 5 3 1e-06 376 376 31


0.000122486 223 5 3 1e-06 378 378 31


0.000123486 224 5 3 1e-06 381 381 31


0.000124486 225 5 3 1e-06 385 385 31


0.000125486 226 5 3 1e-06 388 388 31


0.000126486 227 5 3 1e-06 391 391 31


0.000127486 228 5 3 1e-06 394 394 31


0.000128486 229 5 3 1e-06 397 397 31


0.000129486 230 5 3 1e-06 399 399 31


0.000130486 231 5 3 1e-06 402 402 31


0.000131486 232 5 3 1e-06 404 404 31


0.000132486 233 5 3 1e-06 405 405 31


0.000133486 234 5 3 1e-06 407 407 31


0.000134486 235 5 3 1e-06 408 408 31


0.000135486 236 5 3 1e-06 409 409 31


0.000136486 237 5 3 1e-06 411 411 31


0.000137486 238 5 3 1e-06 412 412 31


0.000138486 239 5 3 1e-06 414 414 31


0.000139486 240 5 3 1e-06 415 415 31


0.000140486 241 5 3 1e-06 417 417 31


0.000141486 242 5 3 1e-06 419 419 31


0.000142486 243 5 3 1e-06 420 420 31


0.000143486 244 5 3 1e-06 421 421 31


0.000144486 245 5 3 1e-06 423 423 31


0.000145486 246 5 3 1e-06 425 425 31


0.000146486 247 5 3 1e-06 428 428 31


0.000147486 248 5 3 1e-06 431 431 31


0.000148486 249 5 3 1e-06 434 434 31


0.000149486 250 5 3 1e-06 437 437 31


0.000150486 251 5 3 1e-06 440 440 31


0.000151486 252 5 3 1e-06 441 441 31


0.000152486 253 5 3 1e-06 443 443 31


0.000153486 254 5 3 1e-06 444 444 31


0.000154486 255 5 3 1e-06 446 446 31


0.000155486 256 5 3 1e-06 447 447 31


0.000156486 257 5 3 1e-06 448 448 31


0.000157486 258 5 3 1e-06 449 449 31


0.000158486 259 5 3 1e-06 451 451 31


0.000159486 260 5 3 1e-06 453 453 31


0.000160486 261 5 3 1e-06 456 456 31


0.000161486 262 5 3 1e-06 459 459 31


0.000162486 263 5 3 1e-06 462 462 31


0.000163486 264 5 4 1e-06 468 468 32


0.000164486 265 5 4 1e-06 470 470 32


0.000165486 266 5 4 1e-06 471 471 32


0.000166486 267 5 4 1e-06 472 472 32


0.000167486 268 5 4 1e-06 473 473 32


0.000168486 269 5 4 1e-06 474 474 32


0.000169486 270 5 4 1e-06 476 476 32


0.000170486 271 5 4 1e-06 477 477 32


0.000171486 272 5 4 1e-06 478 478 32


0.000172486 273 5 4 1e-06 479 479 32


0.000173486 274 5 4 1e-06 481 481 32


0.000174486 275 5 4 1e-06 482 482 32


0.000175486 276 5 4 1e-06 483 483 32


0.000176486 277 5 4 1e-06 484 484 32


0.000177486 278 5 4 1e-06 485 485 32


0.000178486 279 5 4 1e-06 486 486 32


0.000179486 280 5 4 1e-06 487 487 32


0.000180486 281 5 4 1e-06 488 488 32


0.000181486 282 5 4 1e-06 489 489 32


0.000182486 283 5 4 1e-06 490 490 32


0.000183486 284 5 4 1e-06 492 492 32


0.000184486 285 5 4 1e-06 493 493 32


0.000185486 286 5 4 1e-06 494 494 32


0.000186486 287 5 4 1e-06 495 495 32


0.000187486 288 5 4 1e-06 496 496 32


0.000188486 289 5 4 1e-06 497 497 32


0.000189486 290 5 4 1e-06 498 498 32


0.000190486 291 5 4 1e-06 499 499 32


0.000191486 292 5 4 1e-06 500 500 32


0.000192486 293 5 4 1e-06 501 501 32


0.000193486 294 5 4 1e-06 502 502 32


0.000194486 295 5 4 1e-06 503 503 32


0.000195486 296 5 4 1e-06 505 505 32


0.000196486 297 5 4 1e-06 506 506 32


0.000197486 298 5 4 1e-06 507 507 32


0.000198486 299 5 4 1e-06 508 508 32


0.000199486 300 5 4 1e-06 509 509 32


0.00020048